      1  2  3 2017  10 17 29.000  1  0.68904888    -0.00589999      55.480     0.008     0.008     0.026
      2  2  3 2017  10 17 30.000  1  0.68904888    -0.00589999      55.477     0.008     0.007     0.025
      3  2  3 2017  10 17 31.000  1  0.68904888    -0.00589999      55.478     0.008     0.007     0.025
      4  2  3 2017  10 17 32.000  1  0.68904888    -0.00589999      55.469     0.008     0.008     0.027
      5  2  3 2017  10 17 33.000  1  0.68904888    -0.00589999      55.470     0.009     0.008     0.029
      6  2  3 2017  10 17 34.000  1  0.68904888    -0.00589999      55.462     0.008     0.008     0.026
      7  2  3 2017  10 17 35.000  1  0.68904888    -0.00589999      55.461     0.008     0.008     0.026
      8  2  3 2017  10 17 36.000  1  0.68904888    -0.00589999      55.467     0.008     0.007     0.025
      9  2  3 2017  10 17 37.000  1  0.68904888    -0.00589999      55.467     0.009     0.008     0.027
     10  2  3 2017  10 17 38.000  1  0.68904888    -0.00589999      55.465     0.008     0.008     0.026
     11  2  3 2017  10 17 39.000  1  0.68904888    -0.00589999      55.460     0.008     0.007     0.025
     12  2  3 2017  10 17 40.000  1  0.68904888    -0.00589999      55.473     0.008     0.007     0.025
     13  2  3 2017  10 17 41.000  1  0.68904888    -0.00589999      55.471     0.008     0.007     0.025
     14  2  3 2017  10 17 42.000  1  0.68904888    -0.00589999      55.463     0.008     0.007     0.025
     15  2  3 2017  10 17 43.000  1  0.68904888    -0.00589999      55.462     0.008     0.007     0.025
     16  2  3 2017  10 17 44.000  1  0.68904888    -0.00589999      55.466     0.008     0.007     0.024
     17  2  3 2017  10 17 45.000  1  0.68904888    -0.00589999      55.459     0.007     0.007     0.023
     18  2  3 2017  10 17 46.000  1  0.68904888    -0.00589999      55.464     0.008     0.008     0.026
     19  2  3 2017  10 17 47.000  1  0.68904888    -0.00589999      55.465     0.008     0.007     0.025
     20  2  3 2017  10 17 48.000  1  0.68904888    -0.00589999      55.464     0.009     0.008     0.027
     21  2  3 2017  10 17 49.000  1  0.68904888    -0.00589999      55.458     0.008     0.008     0.027
     22  2  3 2017  10 17 50.000  1  0.68904888    -0.00589999      55.466     0.008     0.007     0.025
     23  2  3 2017  10 17 51.000  1  0.68904888    -0.00589999      55.465     0.008     0.008     0.026
     24  2  3 2017  10 17 52.000  1  0.68904888    -0.00589999      55.468     0.008     0.007     0.025
     25  2  3 2017  10 17 53.000  1  0.68904888    -0.00589999      55.465     0.008     0.007     0.025
     26  2  3 2017  10 17 54.000  1  0.68904888    -0.00589999      55.463     0.008     0.007     0.025
     27  2  3 2017  10 17 55.000  1  0.68904888    -0.00589999      55.457     0.008     0.007     0.024
     28  2  3 2017  10 17 56.000  1  0.68904888    -0.00589999      55.453     0.008     0.007     0.024
     29  2  3 2017  10 17 57.000  1  0.68904888    -0.00589999      55.461     0.007     0.006     0.022
     30  2  3 2017  10 17 58.000  1  0.68904888    -0.00589999      55.458     0.007     0.007     0.023
     31  2  3 2017  10 17 59.000  1  0.68904888    -0.00589999      55.451     0.007     0.006     0.022
     32  2  3 2017  10 18  0.000  1  0.68904888    -0.00589999      55.453     0.007     0.007     0.023
     33  2  3 2017  10 18  1.000  1  0.68904888    -0.00589999      55.458     0.007     0.006     0.022
     34  2  3 2017  10 18  2.000  1  0.68904888    -0.00589999      55.458     0.008     0.007     0.024
     35  2  3 2017  10 18  3.000  1  0.68904888    -0.00589999      55.454     0.007     0.006     0.021
     36  2  3 2017  10 18  4.000  1  0.68904888    -0.00589999      55.456     0.008     0.007     0.024
     37  2  3 2017  10 18  5.000  1  0.68904888    -0.00589999      55.454     0.008     0.008     0.026
     38  2  3 2017  10 18  6.000  1  0.68904888    -0.00589999      55.455     0.008     0.008     0.026
     39  2  3 2017  10 18  7.000  1  0.68904888    -0.00589999      55.456     0.008     0.008     0.026
     40  2  3 2017  10 18  8.000  1  0.68904888    -0.00589999      55.448     0.008     0.007     0.024
     41  2  3 2017  10 18  9.000  1  0.68904888    -0.00589999      55.460     0.008     0.008     0.026
     42  2  3 2017  10 18 10.000  1  0.68904888    -0.00589999      55.455     0.008     0.007     0.024
     43  2  3 2017  10 18 11.000  1  0.68904888    -0.00590000      55.459     0.008     0.007     0.024
     44  2  3 2017  10 18 12.000  1  0.68904887    -0.00590000      55.453     0.007     0.007     0.022
     45  2  3 2017  10 18 13.000  1  0.68904887    -0.00590001      55.459     0.008     0.007     0.024
     46  2  3 2017  10 18 14.000  1  0.68904883    -0.00590007      55.477     0.006     0.006     0.020
     47  2  3 2017  10 18 15.000  1  0.68904879    -0.00590015      55.515     0.006     0.005     0.018
     48  2  3 2017  10 18 16.000  1  0.68904873    -0.00590025      55.564     0.007     0.007     0.023
     49  2  3 2017  10 18 17.000  1  0.68904865    -0.00590036      55.653     0.006     0.005     0.017
     50  2  3 2017  10 18 18.000  1  0.68904855    -0.00590045      55.649     0.006     0.006     0.020
     51  2  3 2017  10 18 19.000  1  0.68904845    -0.00590057      55.692     0.006     0.005     0.017
     52  2  3 2017  10 18 20.000  1  0.68904834    -0.00590070      55.687     0.005     0.005     0.016
     53  2  3 2017  10 18 21.000  1  0.68904822    -0.00590083      55.726     0.005     0.004     0.014
     54  2  3 2017  10 18 22.000  1  0.68904810    -0.00590097      55.702     0.005     0.005     0.017
     55  2  3 2017  10 18 23.000  1  0.68904798    -0.00590112      55.705     0.005     0.005     0.017
     56  2  3 2017  10 18 24.000  1  0.68904785    -0.00590128      55.680     0.006     0.005     0.018
     57  2  3 2017  10 18 25.000  1  0.68904772    -0.00590143      55.680     0.005     0.005     0.016
     58  2  3 2017  10 18 26.000  1  0.68904759    -0.00590158      55.697     0.006     0.005     0.018
     59  2  3 2017  10 18 27.000  1  0.68904746    -0.00590172      55.720     0.007     0.007     0.023
     60  2  3 2017  10 18 28.000  1  0.68904732    -0.00590187      55.705     0.006     0.005     0.020
     61  2  3 2017  10 18 29.000  1  0.68904720    -0.00590203      55.710     0.006     0.005     0.020
     62  2  3 2017  10 18 30.000  1  0.68904706    -0.00590216      55.708     0.005     0.005     0.020
     63  2  3 2017  10 18 31.000  1  0.68904693    -0.00590226      55.744     0.006     0.006     0.022
     64  2  3 2017  10 18 32.000  1  0.68904684    -0.00590240      55.725     0.005     0.005     0.019
     65  2  3 2017  10 18 33.000  1  0.68904672    -0.00590252      55.715     0.005     0.005     0.019
     66  2  3 2017  10 18 34.000  1  0.68904661    -0.00590265      55.715     0.005     0.005     0.019
     67  2  3 2017  10 18 35.000  1  0.68904649    -0.00590277      55.736     0.005     0.005     0.019
     68  2  3 2017  10 18 36.000  1  0.68904639    -0.00590288      55.764     0.005     0.005     0.019
     69  2  3 2017  10 18 37.000  1  0.68904630    -0.00590300      55.760     0.006     0.005     0.020
     70  2  3 2017  10 18 38.000  1  0.68904621    -0.00590311      55.760     0.006     0.005     0.020
     71  2  3 2017  10 18 39.000  1  0.68904615    -0.00590317      55.782     0.006     0.006     0.022
     72  2  3 2017  10 18 40.000  1  0.68904612    -0.00590321      55.766     0.006     0.006     0.022
     73  2  3 2017  10 18 41.000  1  0.68904611    -0.00590323      55.770     0.006     0.006     0.022
     74  2  3 2017  10 18 42.000  1  0.68904611    -0.00590323      55.763     0.006     0.005     0.021
     75  2  3 2017  10 18 43.000  1  0.68904611    -0.00590322      55.778     0.006     0.006     0.022
     76  2  3 2017  10 18 44.000  1  0.68904612    -0.00590323      55.779     0.006     0.006     0.022
     77  2  3 2017  10 18 45.000  1  0.68904613    -0.00590328      55.782     0.005     0.005     0.018
     78  2  3 2017  10 18 46.000  1  0.68904614    -0.00590330      55.781     0.006     0.006     0.022
     79  2  3 2017  10 18 47.000  1  0.68904614    -0.00590330      55.780     0.006     0.006     0.022
     80  2  3 2017  10 18 48.000  1  0.68904614    -0.00590330      55.779     0.005     0.005     0.019
     81  2  3 2017  10 18 49.000  1  0.68904614    -0.00590330      55.788     0.005     0.005     0.020
     82  2  3 2017  10 18 50.000  1  0.68904614    -0.00590330      55.789     0.006     0.006     0.022
     83  2  3 2017  10 18 51.000  1  0.68904614    -0.00590330      55.781     0.005     0.005     0.020
     84  2  3 2017  10 18 52.000  1  0.68904614    -0.00590330      55.777     0.006     0.005     0.020
     85  2  3 2017  10 18 53.000  1  0.68904614    -0.00590330      55.777     0.005     0.005     0.019
     86  2  3 2017  10 18 54.000  1  0.68904614    -0.00590330      55.780     0.005     0.005     0.018
     87  2  3 2017  10 18 55.000  1  0.68904614    -0.00590330      55.779     0.006     0.006     0.023
     88  2  3 2017  10 18 56.000  1  0.68904614    -0.00590330      55.783     0.005     0.005     0.019
     89  2  3 2017  10 18 57.000  1  0.68904614    -0.00590330      55.772     0.006     0.005     0.020
     90  2  3 2017  10 18 58.000  1  0.68904614    -0.00590330      55.782     0.006     0.006     0.022
     91  2  3 2017  10 18 59.000  1  0.68904614    -0.00590330      55.777     0.006     0.005     0.020
     92  2  3 2017  10 19  0.000  1  0.68904614    -0.00590330      55.784     0.005     0.005     0.019
     93  2  3 2017  10 19  1.000  1  0.68904614    -0.00590330      55.780     0.006     0.005     0.020
     94  2  3 2017  10 19  2.000  1  0.68904614    -0.00590330      55.783     0.005     0.005     0.019
     95  2  3 2017  10 19  3.000  1  0.68904614    -0.00590330      55.781     0.005     0.005     0.019
     96  2  3 2017  10 19  4.000  1  0.68904614    -0.00590330      55.779     0.006     0.006     0.022
     97  2  3 2017  10 19  5.000  1  0.68904614    -0.00590330      55.779     0.006     0.005     0.020
     98  2  3 2017  10 19  6.000  1  0.68904614    -0.00590330      55.780     0.006     0.006     0.023
     99  2  3 2017  10 19  7.000  1  0.68904614    -0.00590330      55.772     0.006     0.005     0.021
    100  2  3 2017  10 19  8.000  1  0.68904614    -0.00590330      55.781     0.006     0.005     0.021
    101  2  3 2017  10 19  9.000  1  0.68904614    -0.00590330      55.778     0.006     0.006     0.021
    102  2  3 2017  10 19 10.000  1  0.68904614    -0.00590330      55.776     0.006     0.005     0.021
    103  2  3 2017  10 19 11.000  1  0.68904614    -0.00590330      55.770     0.006     0.005     0.021
    104  2  3 2017  10 19 12.000  1  0.68904614    -0.00590330      55.771     0.006     0.005     0.020
    105  2  3 2017  10 19 13.000  1  0.68904614    -0.00590330      55.777     0.006     0.005     0.021
    106  2  3 2017  10 19 14.000  1  0.68904614    -0.00590330      55.770     0.006     0.005     0.020
    107  2  3 2017  10 19 15.000  1  0.68904614    -0.00590330      55.772     0.005     0.005     0.018
    108  2  3 2017  10 19 16.000  1  0.68904614    -0.00590330      55.769     0.005     0.005     0.019
    109  2  3 2017  10 19 17.000  1  0.68904614    -0.00590330      55.779     0.005     0.005     0.019
    110  2  3 2017  10 19 18.000  1  0.68904614    -0.00590330      55.773     0.005     0.005     0.019
    111  2  3 2017  10 19 19.000  1  0.68904614    -0.00590330      55.773     0.005     0.005     0.019
    112  2  3 2017  10 19 20.000  1  0.68904614    -0.00590330      55.769     0.006     0.005     0.020
    113  2  3 2017  10 19 21.000  1  0.68904614    -0.00590330      55.772     0.005     0.005     0.019
    114  2  3 2017  10 19 22.000  1  0.68904614    -0.00590330      55.772     0.006     0.005     0.020
    115  2  3 2017  10 19 23.000  1  0.68904614    -0.00590330      55.774     0.006     0.005     0.020
    116  2  3 2017  10 19 24.000  1  0.68904614    -0.00590330      55.775     0.005     0.005     0.019
    117  2  3 2017  10 19 25.000  1  0.68904614    -0.00590330      55.775     0.005     0.005     0.019
    118  2  3 2017  10 19 26.000  1  0.68904614    -0.00590330      55.775     0.006     0.005     0.021
    119  2  3 2017  10 19 27.000  1  0.68904614    -0.00590330      55.769     0.006     0.005     0.020
    120  2  3 2017  10 19 28.000  1  0.68904614    -0.00590330      55.769     0.006     0.005     0.020
    121  2  3 2017  10 19 29.000  1  0.68904614    -0.00590330      55.772     0.005     0.005     0.019
    122  2  3 2017  10 19 30.000  1  0.68904614    -0.00590330      55.769     0.005     0.005     0.019
    123  2  3 2017  10 19 31.000  1  0.68904614    -0.00590330      55.768     0.006     0.005     0.020
    124  2  3 2017  10 19 32.000  1  0.68904614    -0.00590330      55.773     0.006     0.005     0.020
    125  2  3 2017  10 19 33.000  1  0.68904614    -0.00590330      55.768     0.006     0.005     0.021
    126  2  3 2017  10 19 34.000  1  0.68904614    -0.00590330      55.774     0.006     0.005     0.020
    127  2  3 2017  10 19 35.000  1  0.68904614    -0.00590330      55.769     0.006     0.005     0.020
    128  2  3 2017  10 19 36.000  1  0.68904614    -0.00590330      55.767     0.006     0.006     0.021
    129  2  3 2017  10 19 37.000  1  0.68904614    -0.00590330      55.780     0.006     0.005     0.020
    130  2  3 2017  10 19 38.000  1  0.68904614    -0.00590330      55.770     0.006     0.005     0.020
    131  2  3 2017  10 19 39.000  1  0.68904614    -0.00590330      55.777     0.006     0.006     0.022
    132  2  3 2017  10 19 40.000  1  0.68904614    -0.00590330      55.766     0.006     0.006     0.022
    133  2  3 2017  10 19 41.000  1  0.68904614    -0.00590330      55.776     0.005     0.005     0.019
    134  2  3 2017  10 19 42.000  1  0.68904614    -0.00590330      55.779     0.005     0.005     0.019
    135  2  3 2017  10 19 43.000  1  0.68904614    -0.00590330      55.781     0.006     0.005     0.020
    136  2  3 2017  10 19 44.000  1  0.68904614    -0.00590330      55.775     0.006     0.005     0.020
    137  2  3 2017  10 19 45.000  1  0.68904614    -0.00590330      55.776     0.006     0.005     0.020
    138  2  3 2017  10 19 46.000  1  0.68904614    -0.00590330      55.775     0.005     0.005     0.019
    139  2  3 2017  10 19 47.000  1  0.68904614    -0.00590330      55.785     0.005     0.005     0.018
    140  2  3 2017  10 19 48.000  1  0.68904614    -0.00590330      55.779     0.005     0.005     0.019
    141  2  3 2017  10 19 49.000  1  0.68904614    -0.00590330      55.778     0.006     0.005     0.020
    142  2  3 2017  10 19 50.000  1  0.68904614    -0.00590330      55.766     0.005     0.005     0.018
    143  2  3 2017  10 19 51.000  1  0.68904614    -0.00590330      55.765     0.006     0.005     0.021
    144  2  3 2017  10 19 52.000  1  0.68904614    -0.00590330      55.774     0.005     0.005     0.018
    145  2  3 2017  10 19 53.000  1  0.68904614    -0.00590330      55.774     0.005     0.005     0.019
    146  2  3 2017  10 19 54.000  1  0.68904614    -0.00590330      55.772     0.006     0.005     0.020
    147  2  3 2017  10 19 55.000  1  0.68904614    -0.00590330      55.774     0.006     0.005     0.020
    148  2  3 2017  10 19 56.000  1  0.68904614    -0.00590330      55.783     0.006     0.005     0.021
    149  2  3 2017  10 19 57.000  1  0.68904614    -0.00590330      55.776     0.006     0.006     0.021
    150  2  3 2017  10 19 58.000  1  0.68904614    -0.00590330      55.773     0.006     0.005     0.019
    151  2  3 2017  10 19 59.000  1  0.68904614    -0.00590330      55.778     0.005     0.005     0.019
    152  2  3 2017  10 19 60.000  1  0.68904614    -0.00590330      55.773     0.005     0.005     0.018
    153  2  3 2017  10 20  1.000  1  0.68904617    -0.00590335      55.779     0.005     0.005     0.019
    154  2  3 2017  10 20  2.000  1  0.68904624    -0.00590344      55.797     0.005     0.004     0.016
    155  2  3 2017  10 20  3.000  1  0.68904632    -0.00590355      55.790     0.005     0.005     0.017
    156  2  3 2017  10 20  4.000  1  0.68904643    -0.00590368      55.795     0.004     0.004     0.015
    157  2  3 2017  10 20  5.000  1  0.68904653    -0.00590386      55.799     0.005     0.004     0.016
    158  2  3 2017  10 20  6.000  1  0.68904665    -0.00590405      55.832     0.006     0.006     0.022
    159  2  3 2017  10 20  7.000  1  0.68904677    -0.00590424      55.817     0.006     0.005     0.020
    160  2  3 2017  10 20  8.000  1  0.68904689    -0.00590442      55.835     0.005     0.005     0.018
    161  2  3 2017  10 20  9.000  1  0.68904702    -0.00590459      55.819     0.006     0.005     0.020
    162  2  3 2017  10 20 10.000  1  0.68904713    -0.00590477      55.829     0.007     0.006     0.025
    163  2  3 2017  10 20 11.000  1  0.68904725    -0.00590494      55.793     0.006     0.005     0.019
    164  2  3 2017  10 20 12.000  1  0.68904736    -0.00590510      55.807     0.005     0.004     0.017
    165  2  3 2017  10 20 13.000  1  0.68904746    -0.00590522      55.802     0.006     0.005     0.019
    166  2  3 2017  10 20 14.000  1  0.68904751    -0.00590529      55.823     0.005     0.004     0.017
    167  2  3 2017  10 20 15.000  1  0.68904752    -0.00590530      55.819     0.005     0.004     0.016
    168  2  3 2017  10 20 16.000  1  0.68904752    -0.00590530      55.822     0.005     0.004     0.016
    169  2  3 2017  10 20 17.000  1  0.68904752    -0.00590530      55.807     0.005     0.005     0.018
    170  2  3 2017  10 20 18.000  1  0.68904752    -0.00590530      55.807     0.005     0.004     0.017
    171  2  3 2017  10 20 19.000  1  0.68904752    -0.00590530      55.813     0.005     0.005     0.018
    172  2  3 2017  10 20 20.000  1  0.68904752    -0.00590530      55.808     0.005     0.005     0.018
    173  2  3 2017  10 20 21.000  1  0.68904752    -0.00590530      55.816     0.005     0.005     0.018
    174  2  3 2017  10 20 22.000  1  0.68904752    -0.00590530      55.808     0.005     0.005     0.018
    175  2  3 2017  10 20 23.000  1  0.68904752    -0.00590530      55.813     0.005     0.004     0.017
    176  2  3 2017  10 20 24.000  1  0.68904752    -0.00590530      55.806     0.005     0.004     0.016
    177  2  3 2017  10 20 25.000  1  0.68904752    -0.00590530      55.821     0.005     0.004     0.017
    178  2  3 2017  10 20 26.000  1  0.68904752    -0.00590530      55.811     0.005     0.004     0.017
    179  2  3 2017  10 20 27.000  1  0.68904752    -0.00590530      55.809     0.005     0.004     0.016
    180  2  3 2017  10 20 28.000  1  0.68904752    -0.00590530      55.813     0.005     0.004     0.016
    181  2  3 2017  10 20 29.000  1  0.68904752    -0.00590530      55.811     0.005     0.004     0.017
    182  2  3 2017  10 20 30.000  1  0.68904752    -0.00590530      55.814     0.005     0.004     0.017
    183  2  3 2017  10 20 31.000  1  0.68904752    -0.00590530      55.800     0.005     0.004     0.016
    184  2  3 2017  10 20 32.000  1  0.68904752    -0.00590530      55.814     0.005     0.004     0.016
    185  2  3 2017  10 20 33.000  1  0.68904752    -0.00590530      55.815     0.004     0.004     0.015
    186  2  3 2017  10 20 34.000  1  0.68904752    -0.00590530      55.814     0.004     0.004     0.015
    187  2  3 2017  10 20 35.000  1  0.68904752    -0.00590530      55.813     0.004     0.004     0.015
    188  2  3 2017  10 20 36.000  1  0.68904755    -0.00590534      55.811     0.005     0.004     0.016
    189  2  3 2017  10 20 37.000  1  0.68904761    -0.00590542      55.792     0.005     0.005     0.018
    190  2  3 2017  10 20 38.000  1  0.68904770    -0.00590554      55.804     0.006     0.005     0.020
    191  2  3 2017  10 20 39.000  1  0.68904779    -0.00590567      55.808     0.006     0.005     0.020
    192  2  3 2017  10 20 40.000  1  0.68904790    -0.00590581      55.797     0.006     0.005     0.021
    193  2  3 2017  10 20 41.000  1  0.68904800    -0.00590595      55.805     0.006     0.006     0.022
    194  2  3 2017  10 20 42.000  1  0.68904810    -0.00590609      55.797     0.005     0.005     0.018
    195  2  3 2017  10 20 43.000  1  0.68904820    -0.00590622      55.807     0.005     0.005     0.018
    196  2  3 2017  10 20 44.000  1  0.68904829    -0.00590636      55.825     0.005     0.005     0.018
    197  2  3 2017  10 20 45.000  1  0.68904838    -0.00590649      55.812     0.005     0.005     0.018
    198  2  3 2017  10 20 46.000  1  0.68904845    -0.00590660      55.808     0.005     0.005     0.018
    199  2  3 2017  10 20 47.000  1  0.68904848    -0.00590663      55.809     0.006     0.005     0.019
    200  2  3 2017  10 20 48.000  1  0.68904849    -0.00590664      55.814     0.005     0.004     0.017
    201  2  3 2017  10 20 49.000  1  0.68904848    -0.00590664      55.815     0.005     0.005     0.018
    202  2  3 2017  10 20 50.000  1  0.68904848    -0.00590664      55.820     0.005     0.005     0.017
    203  2  3 2017  10 20 51.000  1  0.68904848    -0.00590664      55.807     0.005     0.005     0.018
    204  2  3 2017  10 20 52.000  1  0.68904848    -0.00590664      55.805     0.006     0.005     0.020
    205  2  3 2017  10 20 53.000  1  0.68904848    -0.00590664      55.811     0.006     0.005     0.020
    206  2  3 2017  10 20 54.000  1  0.68904848    -0.00590664      55.811     0.006     0.005     0.019
    207  2  3 2017  10 20 55.000  1  0.68904848    -0.00590664      55.810     0.005     0.005     0.017
    208  2  3 2017  10 20 56.000  1  0.68904848    -0.00590664      55.809     0.005     0.004     0.016
    209  2  3 2017  10 20 57.000  1  0.68904848    -0.00590664      55.804     0.005     0.004     0.016
    210  2  3 2017  10 20 58.000  1  0.68904848    -0.00590664      55.808     0.004     0.004     0.015
    211  2  3 2017  10 20 59.000  1  0.68904848    -0.00590664      55.808     0.004     0.004     0.014
    212  2  3 2017  10 21  0.000  1  0.68904848    -0.00590664      55.805     0.004     0.004     0.014
    213  2  3 2017  10 21  1.000  1  0.68904848    -0.00590664      55.804     0.004     0.004     0.015
    214  2  3 2017  10 21  2.000  1  0.68904849    -0.00590665      55.826     0.004     0.004     0.014
    215  2  3 2017  10 21  3.000  1  0.68904856    -0.00590673      55.842     0.005     0.004     0.016
    216  2  3 2017  10 21  4.000  1  0.68904863    -0.00590686      55.800     0.005     0.004     0.016
    217  2  3 2017  10 21  5.000  1  0.68904872    -0.00590698      55.799     0.006     0.006     0.022
    218  2  3 2017  10 21  6.000  1  0.68904880    -0.00590710      55.772     0.006     0.005     0.019
    219  2  3 2017  10 21  7.000  1  0.68904889    -0.00590721      55.803     0.006     0.006     0.021
    220  2  3 2017  10 21  8.000  1  0.68904899    -0.00590731      55.820     0.006     0.006     0.022
    221  2  3 2017  10 21  9.000  1  0.68904912    -0.00590741      55.792     0.005     0.004     0.016
    222  2  3 2017  10 21 10.000  1  0.68904923    -0.00590753      55.810     0.006     0.006     0.022
    223  2  3 2017  10 21 11.000  1  0.68904935    -0.00590765      55.805     0.005     0.005     0.018
    224  2  3 2017  10 21 12.000  1  0.68904948    -0.00590778      55.825     0.006     0.006     0.022
    225  2  3 2017  10 21 13.000  1  0.68904960    -0.00590791      55.854     0.006     0.005     0.020
    226  2  3 2017  10 21 14.000  1  0.68904971    -0.00590803      55.856     0.007     0.006     0.023
    227  2  3 2017  10 21 15.000  1  0.68904978    -0.00590811      55.846     0.005     0.005     0.018
    228  2  3 2017  10 21 16.000  1  0.68904982    -0.00590814      55.830     0.005     0.005     0.018
    229  2  3 2017  10 21 17.000  1  0.68904982    -0.00590814      55.822     0.005     0.004     0.017
    230  2  3 2017  10 21 18.000  1  0.68904981    -0.00590813      55.835     0.005     0.005     0.018
    231  2  3 2017  10 21 19.000  1  0.68904980    -0.00590812      55.828     0.006     0.005     0.020
    232  2  3 2017  10 21 20.000  1  0.68904980    -0.00590812      55.830     0.006     0.005     0.020
    233  2  3 2017  10 21 21.000  1  0.68904980    -0.00590812      55.827     0.006     0.005     0.021
    234  2  3 2017  10 21 22.000  1  0.68904980    -0.00590812      55.827     0.007     0.006     0.023
    235  2  3 2017  10 21 23.000  1  0.68904980    -0.00590812      55.831     0.007     0.006     0.023
    236  2  3 2017  10 21 24.000  1  0.68904980    -0.00590812      55.821     0.007     0.006     0.023
    237  2  3 2017  10 21 25.000  1  0.68904980    -0.00590812      55.825     0.007     0.006     0.023
    238  2  3 2017  10 21 26.000  1  0.68904980    -0.00590812      55.821     0.007     0.006     0.024
    239  2  3 2017  10 21 27.000  1  0.68904980    -0.00590812      55.821     0.007     0.006     0.023
    240  2  3 2017  10 21 28.000  1  0.68904980    -0.00590812      55.822     0.007     0.007     0.025
    241  2  3 2017  10 21 29.000  1  0.68904980    -0.00590812      55.822     0.007     0.006     0.023
    242  2  3 2017  10 21 30.000  1  0.68904980    -0.00590812      55.825     0.007     0.006     0.023
    243  2  3 2017  10 21 31.000  1  0.68904980    -0.00590812      55.819     0.007     0.006     0.022
    244  2  3 2017  10 21 32.000  1  0.68904980    -0.00590812      55.823     0.007     0.006     0.023
    245  2  3 2017  10 21 33.000  1  0.68904980    -0.00590812      55.821     0.007     0.006     0.022
    246  2  3 2017  10 21 34.000  1  0.68904980    -0.00590812      55.821     0.007     0.006     0.023
    247  2  3 2017  10 21 35.000  1  0.68904980    -0.00590812      55.823     0.006     0.006     0.022
    248  2  3 2017  10 21 36.000  1  0.68904980    -0.00590812      55.823     0.008     0.007     0.028
    249  2  3 2017  10 21 37.000  1  0.68904980    -0.00590812      55.829     0.007     0.006     0.023
    250  2  3 2017  10 21 38.000  1  0.68904980    -0.00590812      55.824     0.006     0.006     0.022
    251  2  3 2017  10 21 39.000  1  0.68904980    -0.00590812      55.812     0.006     0.006     0.021
    252  2  3 2017  10 21 40.000  1  0.68904980    -0.00590812      55.822     0.006     0.006     0.021
    253  2  3 2017  10 21 41.000  1  0.68904980    -0.00590812      55.825     0.006     0.005     0.020
    254  2  3 2017  10 21 42.000  1  0.68904980    -0.00590812      55.825     0.006     0.005     0.021
    255  2  3 2017  10 21 43.000  1  0.68904980    -0.00590812      55.830     0.006     0.006     0.021
    256  2  3 2017  10 21 44.000  1  0.68904980    -0.00590812      55.815     0.007     0.006     0.023
    257  2  3 2017  10 21 45.000  1  0.68904980    -0.00590812      55.831     0.007     0.006     0.023
    258  2  3 2017  10 21 46.000  1  0.68904980    -0.00590812      55.827     0.007     0.006     0.023
    259  2  3 2017  10 21 47.000  1  0.68904980    -0.00590812      55.828     0.007     0.006     0.024
    260  2  3 2017  10 21 48.000  1  0.68904980    -0.00590812      55.818     0.006     0.006     0.022
    261  2  3 2017  10 21 49.000  1  0.68904980    -0.00590812      55.830     0.007     0.006     0.023
    262  2  3 2017  10 21 50.000  1  0.68904981    -0.00590813      55.816     0.007     0.006     0.024
    263  2  3 2017  10 21 51.000  1  0.68904989    -0.00590823      55.816     0.007     0.006     0.022
    264  2  3 2017  10 21 52.000  1  0.68905000    -0.00590838      55.829     0.007     0.007     0.025
    265  2  3 2017  10 21 53.000  1  0.68905015    -0.00590854      55.822     0.009     0.008     0.029
    266  2  3 2017  10 21 54.000  1  0.68905029    -0.00590870      55.804     0.006     0.006     0.021
    267  2  3 2017  10 21 55.000  1  0.68905044    -0.00590888      55.801     0.007     0.006     0.022
    268  2  3 2017  10 21 56.000  1  0.68905059    -0.00590905      55.804     0.007     0.006     0.023
    269  2  3 2017  10 21 57.000  1  0.68905074    -0.00590922      55.778     0.007     0.006     0.023
    270  2  3 2017  10 21 58.000  1  0.68905089    -0.00590940      55.833     0.006     0.005     0.019
    271  2  3 2017  10 21 59.000  1  0.68905102    -0.00590958      55.823     0.007     0.006     0.022
    272  2  3 2017  10 22  0.000  1  0.68905114    -0.00590973      55.813     0.006     0.005     0.020
    273  2  3 2017  10 22  1.000  1  0.68905121    -0.00590981      55.803     0.005     0.004     0.016
    274  2  3 2017  10 22  2.000  1  0.68905122    -0.00590983      55.808     0.006     0.005     0.020
    275  2  3 2017  10 22  3.000  1  0.68905122    -0.00590983      55.811     0.006     0.005     0.020
    276  2  3 2017  10 22  4.000  1  0.68905122    -0.00590982      55.826     0.006     0.006     0.022
    277  2  3 2017  10 22  5.000  1  0.68905121    -0.00590982      55.810     0.006     0.006     0.021
    278  2  3 2017  10 22  6.000  1  0.68905122    -0.00590982      55.815     0.006     0.006     0.021
    279  2  3 2017  10 22  7.000  1  0.68905122    -0.00590983      55.832     0.007     0.007     0.022
    280  2  3 2017  10 22  8.000  1  0.68905122    -0.00590983      55.830     0.007     0.006     0.021
    281  2  3 2017  10 22  9.000  1  0.68905122    -0.00590983      55.837     0.008     0.007     0.022
    282  2  3 2017  10 22 10.000  1  0.68905122    -0.00590983      55.835     0.007     0.007     0.022
    283  2  3 2017  10 22 11.000  1  0.68905122    -0.00590983      55.831     0.008     0.007     0.024
    284  2  3 2017  10 22 12.000  1  0.68905125    -0.00590987      55.827     0.006     0.006     0.021
    285  2  3 2017  10 22 13.000  1  0.68905129    -0.00590992      55.833     0.006     0.005     0.019
    286  2  3 2017  10 22 14.000  1  0.68905129    -0.00590992      55.826     0.005     0.005     0.018
    287  2  3 2017  10 22 15.000  1  0.68905129    -0.00590992      55.826     0.005     0.005     0.018
    288  2  3 2017  10 22 16.000  1  0.68905129    -0.00590992      55.832     0.006     0.005     0.020
    289  2  3 2017  10 22 17.000  1  0.68905129    -0.00590992      55.822     0.006     0.005     0.020
    290  2  3 2017  10 22 18.000  1  0.68905129    -0.00590992      55.824     0.005     0.005     0.018
    291  2  3 2017  10 22 19.000  1  0.68905129    -0.00590992      55.828     0.005     0.005     0.017
    292  2  3 2017  10 22 20.000  1  0.68905129    -0.00590992      55.829     0.006     0.005     0.018
    293  2  3 2017  10 22 21.000  1  0.68905129    -0.00590992      55.822     0.005     0.005     0.017
    294  2  3 2017  10 22 22.000  1  0.68905129    -0.00590992      55.823     0.005     0.004     0.017
    295  2  3 2017  10 22 23.000  1  0.68905129    -0.00590992      55.821     0.005     0.005     0.017
    296  2  3 2017  10 22 24.000  1  0.68905129    -0.00590992      55.819     0.005     0.005     0.017
    297  2  3 2017  10 22 25.000  1  0.68905129    -0.00590992      55.832     0.005     0.005     0.017
    298  2  3 2017  10 22 26.000  1  0.68905132    -0.00590995      55.837     0.005     0.005     0.018
    299  2  3 2017  10 22 27.000  1  0.68905141    -0.00591008      55.842     0.007     0.006     0.022
    300  2  3 2017  10 22 28.000  1  0.68905153    -0.00591024      55.836     0.006     0.005     0.020
    301  2  3 2017  10 22 29.000  1  0.68905165    -0.00591041      55.813     0.006     0.005     0.018
    302  2  3 2017  10 22 30.000  1  0.68905177    -0.00591058      55.789     0.011     0.010     0.036
    303  2  3 2017  10 22 31.000  1  0.68905188    -0.00591074      55.774     0.007     0.007     0.024
    304  2  3 2017  10 22 32.000  1  0.68905199    -0.00591089      55.760     0.017     0.016     0.058
    305  2  3 2017  10 22 33.000  2  0.68905210    -0.00591107      56.165     0.154     0.136     0.501
    306  2  3 2017  10 22 34.000  2  0.68905218    -0.00591119      56.166     0.148     0.130     0.482
    307  2  3 2017  10 22 35.000  2  0.68905224    -0.00591127      56.117     0.150     0.132     0.488
    308  2  3 2017  10 22 36.000  2  0.68905226    -0.00591130      56.085     0.153     0.135     0.499
    309  2  3 2017  10 22 37.000  2  0.68905226    -0.00591129      56.227     0.177     0.156     0.568
    310  2  3 2017  10 22 38.000  2  0.68905226    -0.00591129      56.194     0.173     0.152     0.553
    311  2  3 2017  10 22 39.000  2  0.68905225    -0.00591129      56.139     0.156     0.137     0.497
    312  2  3 2017  10 22 40.000  2  0.68905225    -0.00591129      56.160     0.155     0.136     0.491
    313  2  3 2017  10 22 41.000  2  0.68905225    -0.00591129      56.148     0.155     0.136     0.490
    314  2  3 2017  10 22 42.000  2  0.68905226    -0.00591129      56.168     0.156     0.137     0.491
    315  2  3 2017  10 22 43.000  2  0.68905226    -0.00591129      56.172     0.162     0.143     0.509
    316  2  3 2017  10 22 44.000  2  0.68905225    -0.00591129      56.135     0.155     0.136     0.490
    317  2  3 2017  10 22 45.000  2  0.68905225    -0.00591129      56.177     0.152     0.134     0.483
    318  2  3 2017  10 22 46.000  2  0.68905225    -0.00591129      56.145     0.155     0.136     0.485
    319  2  3 2017  10 22 47.000  1  0.68905226    -0.00591127      55.816     0.009     0.008     0.028
    320  2  3 2017  10 22 48.000  1  0.68905226    -0.00591127      55.813     0.010     0.009     0.030
    321  2  3 2017  10 22 49.000  1  0.68905226    -0.00591127      55.810     0.009     0.008     0.028
    322  2  3 2017  10 22 50.000  1  0.68905226    -0.00591127      55.810     0.009     0.008     0.027
    323  2  3 2017  10 22 51.000  1  0.68905226    -0.00591127      55.809     0.009     0.008     0.026
    324  2  3 2017  10 22 52.000  1  0.68905226    -0.00591127      55.809     0.008     0.007     0.026
    325  2  3 2017  10 22 53.000  1  0.68905226    -0.00591127      55.801     0.008     0.007     0.025
    326  2  3 2017  10 22 54.000  1  0.68905226    -0.00591127      55.808     0.008     0.007     0.025
    327  2  3 2017  10 22 55.000  1  0.68905226    -0.00591127      55.819     0.008     0.007     0.025
    328  2  3 2017  10 22 56.000  1  0.68905226    -0.00591127      55.815     0.008     0.007     0.026
    329  2  3 2017  10 22 57.000  1  0.68905226    -0.00591127      55.819     0.008     0.007     0.025
    330  2  3 2017  10 22 58.000  1  0.68905226    -0.00591127      55.816     0.008     0.007     0.025
    331  2  3 2017  10 22 59.000  1  0.68905226    -0.00591127      55.816     0.008     0.007     0.025
    332  2  3 2017  10 22 60.000  1  0.68905226    -0.00591127      55.824     0.008     0.007     0.024
    333  2  3 2017  10 23  1.000  1  0.68905226    -0.00591127      55.817     0.009     0.008     0.026
    334  2  3 2017  10 23  2.000  1  0.68905226    -0.00591127      55.817     0.009     0.008     0.027
    335  2  3 2017  10 23  3.000  1  0.68905226    -0.00591127      55.823     0.009     0.008     0.027
    336  2  3 2017  10 23  4.000  1  0.68905226    -0.00591128      55.813     0.008     0.008     0.026
    337  2  3 2017  10 23  5.000  1  0.68905229    -0.00591131      55.820     0.010     0.009     0.033
    338  2  3 2017  10 23  6.000  1  0.68905232    -0.00591135      55.834     0.010     0.009     0.032
    339  2  3 2017  10 23  7.000  1  0.68905237    -0.00591140      55.839     0.007     0.006     0.023
    340  2  3 2017  10 23  8.000  1  0.68905241    -0.00591142      55.809     0.006     0.006     0.021
    341  2  3 2017  10 23  9.000  1  0.68905246    -0.00591143      55.809     0.007     0.006     0.023
    342  2  3 2017  10 23 10.000  1  0.68905253    -0.00591144      55.784     0.008     0.007     0.025
    343  2  3 2017  10 23 11.000  1  0.68905259    -0.00591145      55.759     0.017     0.008     0.049
    344  2  3 2017  10 23 12.000  1  0.68905262    -0.00591145      55.797     0.017     0.008     0.049
    345  2  3 2017  10 23 13.000  1  0.68905262    -0.00591145      55.771     0.018     0.009     0.052
    346  2  3 2017  10 23 14.000  1  0.68905266    -0.00591145      55.695     0.012     0.006     0.036
    347  2  3 2017  10 23 15.000  1  0.68905270    -0.00591147      55.686     0.011     0.005     0.031
    348  2  3 2017  10 23 16.000  1  0.68905274    -0.00591150      55.652     0.020     0.010     0.058
    349  2  3 2017  10 23 17.000  1  0.68905277    -0.00591149      55.605     0.017     0.008     0.048
    350  2  3 2017  10 23 18.000  1  0.68905281    -0.00591148      55.648     0.007     0.006     0.021
    351  2  3 2017  10 23 19.000  1  0.68905289    -0.00591149      55.655     0.007     0.006     0.021
    352  2  3 2017  10 23 20.000  1  0.68905292    -0.00591149      55.675     0.008     0.007     0.024
    353  2  3 2017  10 23 21.000  1  0.68905290    -0.00591149      55.674     0.008     0.007     0.025
    354  2  3 2017  10 23 22.000  1  0.68905288    -0.00591149      55.638     0.009     0.008     0.026
    355  2  3 2017  10 23 23.000  1  0.68905288    -0.00591149      55.639     0.009     0.008     0.028
    356  2  3 2017  10 23 24.000  1  0.68905286    -0.00591143      55.635     0.009     0.008     0.026
    357  2  3 2017  10 23 25.000  1  0.68905281    -0.00591132      55.669     0.011     0.009     0.034
    358  2  3 2017  10 23 26.000  1  0.68905275    -0.00591120      55.651     0.018     0.009     0.052
    359  2  3 2017  10 23 27.000  1  0.68905269    -0.00591107      55.697     0.025     0.012     0.072
    360  2  3 2017  10 23 28.000  1  0.68905263    -0.00591097      55.705     0.016     0.008     0.046
    361  2  3 2017  10 23 29.000  1  0.68905260    -0.00591090      55.696     0.010     0.005     0.029
    362  2  3 2017  10 23 30.000  1  0.68905253    -0.00591077      55.701     0.020     0.010     0.059
    363  2  3 2017  10 23 31.000  1  0.68905248    -0.00591066      55.669     0.010     0.005     0.030
    364  2  3 2017  10 23 32.000  1  0.68905248    -0.00591062      55.640     0.016     0.008     0.046
    365  2  3 2017  10 23 33.000  1  0.68905247    -0.00591061      55.658     0.019     0.010     0.056
    366  2  3 2017  10 23 34.000  1  0.68905247    -0.00591061      55.680     0.018     0.009     0.052
    367  2  3 2017  10 23 35.000  1  0.68905247    -0.00591062      55.681     0.018     0.009     0.051
    368  2  3 2017  10 23 36.000  1  0.68905247    -0.00591062      55.688     0.018     0.009     0.051
    369  2  3 2017  10 23 37.000  1  0.68905247    -0.00591062      55.700     0.018     0.009     0.050
    370  2  3 2017  10 23 38.000  1  0.68905247    -0.00591062      55.687     0.016     0.008     0.047
    371  2  3 2017  10 23 39.000  1  0.68905249    -0.00591063      55.674     0.014     0.007     0.040
    372  2  3 2017  10 23 40.000  1  0.68905249    -0.00591067      55.685     0.019     0.009     0.054
    373  2  3 2017  10 23 41.000  1  0.68905251    -0.00591067      55.712     0.022     0.011     0.064
    374  2  3 2017  10 23 42.000  1  0.68905255    -0.00591074      55.795     0.029     0.015     0.084
    375  2  3 2017  10 23 43.000  1  0.68905258    -0.00591084      55.733     0.016     0.008     0.047
    376  2  3 2017  10 23 44.000  1  0.68905259    -0.00591088      55.725     0.020     0.010     0.058
    377  2  3 2017  10 23 45.000  1  0.68905260    -0.00591090      55.693     0.012     0.006     0.033
    378  2  3 2017  10 23 46.000  1  0.68905260    -0.00591090      55.687     0.013     0.007     0.038
    379  2  3 2017  10 23 47.000  1  0.68905260    -0.00591091      55.656     0.014     0.007     0.041
    380  2  3 2017  10 23 48.000  1  0.68905260    -0.00591090      55.675     0.009     0.008     0.029
    381  2  3 2017  10 23 49.000  1  0.68905260    -0.00591090      55.683     0.009     0.008     0.030
    382  2  3 2017  10 23 50.000  1  0.68905260    -0.00591090      55.685     0.009     0.008     0.031
    383  2  3 2017  10 23 51.000  1  0.68905260    -0.00591090      55.692     0.009     0.008     0.031
    384  2  3 2017  10 23 52.000  1  0.68905260    -0.00591090      55.678     0.009     0.008     0.030
    385  2  3 2017  10 23 53.000  1  0.68905260    -0.00591090      55.683     0.009     0.008     0.028
    386  2  3 2017  10 23 54.000  1  0.68905260    -0.00591090      55.681     0.008     0.008     0.027
    387  2  3 2017  10 23 55.000  1  0.68905260    -0.00591090      55.685     0.008     0.007     0.026
    388  2  3 2017  10 23 56.000  1  0.68905260    -0.00591090      55.675     0.008     0.007     0.025
    389  2  3 2017  10 23 57.000  1  0.68905260    -0.00591090      55.687     0.007     0.006     0.023
    390  2  3 2017  10 23 58.000  1  0.68905260    -0.00591090      55.680     0.007     0.006     0.022
    391  2  3 2017  10 23 59.000  1  0.68905260    -0.00591090      55.674     0.007     0.006     0.021
    392  2  3 2017  10 24  0.000  1  0.68905260    -0.00591090      55.683     0.007     0.006     0.021
    393  2  3 2017  10 24  1.000  1  0.68905260    -0.00591090      55.681     0.006     0.006     0.021
    394  2  3 2017  10 24  2.000  1  0.68905260    -0.00591090      55.674     0.007     0.006     0.022
    395  2  3 2017  10 24  3.000  1  0.68905260    -0.00591090      55.678     0.007     0.006     0.023
    396  2  3 2017  10 24  4.000  1  0.68905260    -0.00591090      55.682     0.008     0.007     0.025
    397  2  3 2017  10 24  5.000  1  0.68905260    -0.00591090      55.688     0.007     0.006     0.024
    398  2  3 2017  10 24  6.000  1  0.68905260    -0.00591090      55.679     0.007     0.006     0.023
    399  2  3 2017  10 24  7.000  1  0.68905260    -0.00591090      55.689     0.007     0.006     0.023
    400  2  3 2017  10 24  8.000  1  0.68905260    -0.00591090      55.678     0.007     0.006     0.023
    401  2  3 2017  10 24  9.000  1  0.68905260    -0.00591090      55.680     0.007     0.006     0.022
    402  2  3 2017  10 24 10.000  1  0.68905260    -0.00591090      55.687     0.007     0.006     0.022
    403  2  3 2017  10 24 11.000  1  0.68905260    -0.00591090      55.684     0.007     0.006     0.022
    404  2  3 2017  10 24 12.000  1  0.68905260    -0.00591090      55.675     0.006     0.006     0.021
    405  2  3 2017  10 24 13.000  1  0.68905260    -0.00591090      55.694     0.007     0.006     0.022
    406  2  3 2017  10 24 14.000  1  0.68905260    -0.00591090      55.677     0.007     0.006     0.022
    407  2  3 2017  10 24 15.000  1  0.68905260    -0.00591090      55.688     0.007     0.006     0.021
    408  2  3 2017  10 24 16.000  1  0.68905260    -0.00591090      55.687     0.006     0.005     0.019
    409  2  3 2017  10 24 17.000  1  0.68905260    -0.00591090      55.692     0.006     0.005     0.020
    410  2  3 2017  10 24 18.000  1  0.68905260    -0.00591090      55.685     0.006     0.006     0.021
    411  2  3 2017  10 24 19.000  1  0.68905260    -0.00591090      55.681     0.007     0.006     0.023
    412  2  3 2017  10 24 20.000  1  0.68905260    -0.00591090      55.680     0.007     0.006     0.021
