   1183  2  3 2017  10 37 11.000  1  0.68904888    -0.00589993      55.484     0.009     0.007     0.020
   1184  2  3 2017  10 37 12.000  1  0.68904887    -0.00589995      55.498     0.007     0.005     0.015
   1185  2  3 2017  10 37 13.000  1  0.68904885    -0.00589998      55.501     0.007     0.005     0.016
   1186  2  3 2017  10 37 14.000  1  0.68904887    -0.00589998      55.496     0.006     0.005     0.014
   1187  2  3 2017  10 37 15.000  1  0.68904894    -0.00589995      55.479     0.006     0.004     0.013
   1188  2  3 2017  10 37 16.000  1  0.68904890    -0.00589997      55.483     0.006     0.005     0.014
   1189  2  3 2017  10 37 17.000  1  0.68904886    -0.00590002      55.494     0.007     0.006     0.016
   1190  2  3 2017  10 37 18.000  1  0.68904886    -0.00590001      55.491     0.006     0.005     0.014
   1191  2  3 2017  10 37 19.000  1  0.68904887    -0.00590001      55.489     0.007     0.006     0.016
   1192  2  3 2017  10 37 20.000  1  0.68904887    -0.00590001      55.492     0.008     0.006     0.018
   1193  2  3 2017  10 37 21.000  1  0.68904887    -0.00590001      55.487     0.007     0.006     0.016
   1194  2  3 2017  10 37 22.000  1  0.68904886    -0.00590002      55.500     0.007     0.005     0.015
   1195  2  3 2017  10 37 23.000  1  0.68904886    -0.00590002      55.500     0.005     0.004     0.012
   1196  2  3 2017  10 37 24.000  1  0.68904886    -0.00590002      55.487     0.006     0.004     0.013
   1197  2  3 2017  10 37 25.000  1  0.68904886    -0.00590001      55.489     0.006     0.005     0.014
   1198  2  3 2017  10 37 26.000  1  0.68904886    -0.00590001      55.486     0.007     0.005     0.016
   1199  2  3 2017  10 37 27.000  1  0.68904886    -0.00590001      55.483     0.007     0.005     0.016
   1200  2  3 2017  10 37 28.000  1  0.68904886    -0.00590001      55.494     0.008     0.006     0.019
   1201  2  3 2017  10 37 29.000  1  0.68904886    -0.00590001      55.487     0.007     0.005     0.016
   1202  2  3 2017  10 37 30.000  1  0.68904886    -0.00590002      55.488     0.007     0.006     0.017
   1203  2  3 2017  10 37 31.000  1  0.68904887    -0.00590001      55.491     0.007     0.005     0.016
   1204  2  3 2017  10 37 32.000  1  0.68904887    -0.00590001      55.493     0.007     0.006     0.017
   1205  2  3 2017  10 37 33.000  1  0.68904887    -0.00590001      55.493     0.007     0.006     0.016
   1206  2  3 2017  10 37 34.000  1  0.68904887    -0.00590001      55.494     0.008     0.006     0.018
   1207  2  3 2017  10 37 35.000  1  0.68904887    -0.00590001      55.489     0.008     0.006     0.018
   1208  2  3 2017  10 37 36.000  1  0.68904887    -0.00590001      55.492     0.007     0.006     0.016
   1209  2  3 2017  10 37 37.000  1  0.68904887    -0.00590001      55.486     0.007     0.006     0.017
   1210  2  3 2017  10 37 38.000  1  0.68904887    -0.00590001      55.488     0.007     0.006     0.017
   1211  2  3 2017  10 37 39.000  1  0.68904887    -0.00590001      55.482     0.007     0.006     0.017
   1212  2  3 2017  10 37 40.000  1  0.68904887    -0.00590001      55.490     0.008     0.006     0.018
   1213  2  3 2017  10 37 41.000  1  0.68904887    -0.00590001      55.491     0.007     0.005     0.016
   1214  2  3 2017  10 37 42.000  1  0.68904887    -0.00590001      55.488     0.007     0.005     0.015
   1215  2  3 2017  10 37 43.000  1  0.68904887    -0.00590001      55.487     0.008     0.006     0.018
   1216  2  3 2017  10 37 44.000  1  0.68904887    -0.00590001      55.488     0.007     0.005     0.015
   1217  2  3 2017  10 37 45.000  1  0.68904887    -0.00590001      55.488     0.007     0.006     0.016
   1218  2  3 2017  10 37 46.000  1  0.68904887    -0.00590001      55.489     0.007     0.006     0.016
   1219  2  3 2017  10 37 47.000  1  0.68904887    -0.00590001      55.493     0.007     0.006     0.016
   1220  2  3 2017  10 37 48.000  1  0.68904887    -0.00590001      55.494     0.006     0.005     0.014
   1221  2  3 2017  10 37 49.000  1  0.68904887    -0.00590001      55.495     0.007     0.005     0.016
   1222  2  3 2017  10 37 50.000  1  0.68904887    -0.00590001      55.498     0.007     0.006     0.016
   1223  2  3 2017  10 37 51.000  1  0.68904887    -0.00590001      55.494     0.007     0.005     0.015
   1224  2  3 2017  10 37 52.000  1  0.68904887    -0.00590001      55.507     0.008     0.006     0.018
   1225  2  3 2017  10 37 53.000  1  0.68904887    -0.00590001      55.489     0.008     0.006     0.018
   1226  2  3 2017  10 37 54.000  1  0.68904887    -0.00590001      55.488     0.006     0.005     0.014
   1227  2  3 2017  10 37 55.000  1  0.68904887    -0.00590001      55.493     0.006     0.005     0.014
   1228  2  3 2017  10 37 56.000  1  0.68904887    -0.00590001      55.495     0.007     0.006     0.016
   1229  2  3 2017  10 37 57.000  1  0.68904887    -0.00590001      55.491     0.007     0.005     0.016
   1230  2  3 2017  10 37 58.000  1  0.68904887    -0.00590001      55.498     0.007     0.005     0.015
   1231  2  3 2017  10 37 59.000  1  0.68904887    -0.00590001      55.505     0.006     0.005     0.014
   1232  2  3 2017  10 38  0.000  1  0.68904887    -0.00590001      55.498     0.007     0.005     0.015
   1233  2  3 2017  10 38  1.000  1  0.68904887    -0.00590001      55.497     0.007     0.005     0.016
   1234  2  3 2017  10 38  2.000  1  0.68904887    -0.00590001      55.502     0.006     0.005     0.014
   1235  2  3 2017  10 38  3.000  1  0.68904887    -0.00590001      55.492     0.006     0.005     0.014
   1236  2  3 2017  10 38  4.000  1  0.68904887    -0.00590001      55.498     0.007     0.005     0.015
   1237  2  3 2017  10 38  5.000  1  0.68904887    -0.00590001      55.496     0.006     0.005     0.014
   1238  2  3 2017  10 38  6.000  1  0.68904887    -0.00590001      55.496     0.006     0.005     0.013
   1239  2  3 2017  10 38  7.000  1  0.68904887    -0.00590001      55.498     0.008     0.006     0.018
   1240  2  3 2017  10 38  8.000  1  0.68904887    -0.00590001      55.499     0.006     0.004     0.013
   1241  2  3 2017  10 38  9.000  1  0.68904887    -0.00590001      55.498     0.007     0.005     0.015
   1242  2  3 2017  10 38 10.000  1  0.68904887    -0.00590001      55.492     0.006     0.004     0.013
   1243  2  3 2017  10 38 11.000  1  0.68904887    -0.00590001      55.498     0.007     0.005     0.016
   1244  2  3 2017  10 38 12.000  1  0.68904887    -0.00590001      55.499     0.007     0.006     0.016
   1245  2  3 2017  10 38 13.000  1  0.68904887    -0.00590001      55.498     0.008     0.006     0.018
   1246  2  3 2017  10 38 14.000  1  0.68904887    -0.00590001      55.499     0.008     0.006     0.017
   1247  2  3 2017  10 38 15.000  1  0.68904887    -0.00590001      55.492     0.007     0.006     0.016
   1248  2  3 2017  10 38 16.000  1  0.68904887    -0.00590001      55.499     0.007     0.005     0.015
   1249  2  3 2017  10 38 17.000  1  0.68904887    -0.00590001      55.498     0.007     0.005     0.015
   1250  2  3 2017  10 38 18.000  1  0.68904887    -0.00590001      55.499     0.008     0.006     0.017
   1251  2  3 2017  10 38 19.000  1  0.68904887    -0.00590001      55.495     0.007     0.006     0.016
   1252  2  3 2017  10 38 20.000  1  0.68904887    -0.00590001      55.499     0.007     0.005     0.016
   1253  2  3 2017  10 38 21.000  1  0.68904887    -0.00590001      55.489     0.007     0.005     0.015
   1254  2  3 2017  10 38 22.000  1  0.68904887    -0.00590001      55.497     0.007     0.005     0.015
   1255  2  3 2017  10 38 23.000  1  0.68904887    -0.00590000      55.492     0.006     0.005     0.014
   1256  2  3 2017  10 38 24.000  1  0.68904885    -0.00590002      55.493     0.007     0.005     0.015
   1257  2  3 2017  10 38 25.000  1  0.68904880    -0.00590008      55.522     0.008     0.006     0.018
   1258  2  3 2017  10 38 26.000  1  0.68904873    -0.00590016      55.592     0.008     0.006     0.018
   1259  2  3 2017  10 38 27.000  1  0.68904864    -0.00590025      55.650     0.007     0.006     0.016
   1260  2  3 2017  10 38 28.000  1  0.68904856    -0.00590031      55.671     0.008     0.006     0.017
   1261  2  3 2017  10 38 29.000  1  0.68904849    -0.00590040      55.681     0.006     0.005     0.014
   1262  2  3 2017  10 38 30.000  1  0.68904838    -0.00590049      55.673     0.006     0.005     0.014
   1263  2  3 2017  10 38 31.000  1  0.68904828    -0.00590059      55.693     0.007     0.005     0.016
   1264  2  3 2017  10 38 32.000  1  0.68904818    -0.00590072      55.680     0.007     0.006     0.016
   1265  2  3 2017  10 38 33.000  1  0.68904806    -0.00590088      55.689     0.007     0.005     0.015
   1266  2  3 2017  10 38 34.000  1  0.68904794    -0.00590105      55.686     0.007     0.005     0.016
   1267  2  3 2017  10 38 35.000  1  0.68904783    -0.00590121      55.694     0.007     0.005     0.014
   1268  2  3 2017  10 38 36.000  1  0.68904771    -0.00590138      55.700     0.006     0.004     0.013
   1269  2  3 2017  10 38 37.000  1  0.68904758    -0.00590156      55.703     0.006     0.004     0.013
   1270  2  3 2017  10 38 38.000  1  0.68904745    -0.00590172      55.718     0.008     0.006     0.017
   1271  2  3 2017  10 38 39.000  1  0.68904732    -0.00590188      55.711     0.006     0.005     0.014
   1272  2  3 2017  10 38 40.000  1  0.68904720    -0.00590207      55.724     0.006     0.005     0.016
   1273  2  3 2017  10 38 41.000  1  0.68904705    -0.00590221      55.725     0.006     0.005     0.015
   1274  2  3 2017  10 38 42.000  1  0.68904691    -0.00590236      55.720     0.006     0.005     0.014
   1275  2  3 2017  10 38 43.000  1  0.68904680    -0.00590253      55.719     0.006     0.005     0.014
   1276  2  3 2017  10 38 44.000  1  0.68904668    -0.00590268      55.728     0.006     0.005     0.014
   1277  2  3 2017  10 38 45.000  1  0.68904656    -0.00590285      55.753     0.005     0.004     0.011
   1278  2  3 2017  10 38 46.000  1  0.68904644    -0.00590299      55.753     0.006     0.004     0.013
   1279  2  3 2017  10 38 47.000  1  0.68904631    -0.00590313      55.762     0.006     0.005     0.014
   1280  2  3 2017  10 38 48.000  1  0.68904619    -0.00590329      55.779     0.008     0.006     0.018
   1281  2  3 2017  10 38 49.000  1  0.68904607    -0.00590344      55.787     0.008     0.006     0.017
   1282  2  3 2017  10 38 50.000  1  0.68904593    -0.00590360      55.797     0.006     0.005     0.013
   1283  2  3 2017  10 38 51.000  1  0.68904581    -0.00590377      55.817     0.005     0.004     0.012
   1284  2  3 2017  10 38 52.000  1  0.68904569    -0.00590393      55.838     0.005     0.004     0.012
   1285  2  3 2017  10 38 53.000  1  0.68904556    -0.00590410      55.852     0.007     0.005     0.016
   1286  2  3 2017  10 38 54.000  1  0.68904542    -0.00590426      55.836     0.006     0.004     0.013
   1287  2  3 2017  10 38 55.000  1  0.68904529    -0.00590443      55.821     0.007     0.005     0.014
   1288  2  3 2017  10 38 56.000  1  0.68904516    -0.00590460      55.846     0.010     0.008     0.022
   1289  2  3 2017  10 38 57.000  1  0.68904502    -0.00590476      55.820     0.008     0.006     0.019
   1290  2  3 2017  10 38 58.000  1  0.68904488    -0.00590494      55.817     0.006     0.005     0.014
   1291  2  3 2017  10 38 59.000  1  0.68904474    -0.00590510      55.843     0.007     0.005     0.015
   1292  2  3 2017  10 39  0.000  1  0.68904460    -0.00590526      55.846     0.010     0.008     0.023
   1293  2  3 2017  10 39  1.000  1  0.68904447    -0.00590543      55.848     0.009     0.007     0.020
   1294  2  3 2017  10 39  2.000  1  0.68904434    -0.00590558      55.837     0.010     0.008     0.022
   1295  2  3 2017  10 39  3.000  1  0.68904421    -0.00590575      55.840     0.019     0.014     0.041
   1296  2  3 2017  10 39  4.000  1  0.68904407    -0.00590590      55.802     0.013     0.007     0.023
   1297  2  3 2017  10 39  5.000  1  0.68904395    -0.00590606      55.820     0.012     0.007     0.021
   1298  2  3 2017  10 39  6.000  1  0.68904383    -0.00590620      55.844     0.014     0.008     0.025
   1299  2  3 2017  10 39  7.000  1  0.68904374    -0.00590630      55.841     0.017     0.010     0.032
   1300  2  3 2017  10 39  8.000  1  0.68904364    -0.00590638      55.827     0.018     0.010     0.032
   1301  2  3 2017  10 39  9.000  1  0.68904353    -0.00590647      55.867     0.027     0.015     0.049
   1302  2  3 2017  10 39 10.000  1  0.68904342    -0.00590654      55.761     0.008     0.005     0.018
   1303  2  3 2017  10 39 11.000  1  0.68904333    -0.00590662      55.720     0.009     0.005     0.019
   1304  2  3 2017  10 39 12.000  1  0.68904327    -0.00590668      55.712     0.010     0.006     0.022
   1305  2  3 2017  10 39 13.000  1  0.68904321    -0.00590672      55.624     0.009     0.005     0.019
   1306  2  3 2017  10 39 14.000  1  0.68904315    -0.00590677      55.562     0.008     0.005     0.019
   1307  2  3 2017  10 39 15.000  1  0.68904307    -0.00590684      55.601     0.011     0.006     0.024
   1308  2  3 2017  10 39 16.000  1  0.68904299    -0.00590691      55.615     0.009     0.005     0.020
   1309  2  3 2017  10 39 17.000  1  0.68904289    -0.00590699      55.584     0.010     0.006     0.022
   1310  2  3 2017  10 39 18.000  1  0.68904280    -0.00590706      55.612     0.009     0.005     0.020
   1311  2  3 2017  10 39 19.000  1  0.68904274    -0.00590711      55.624     0.011     0.006     0.024
   1312  2  3 2017  10 39 20.000  1  0.68904273    -0.00590711      55.603     0.008     0.005     0.019
   1313  2  3 2017  10 39 21.000  1  0.68904274    -0.00590713      55.643     0.011     0.006     0.024
   1314  2  3 2017  10 39 22.000  1  0.68904273    -0.00590716      55.622     0.010     0.006     0.021
   1315  2  3 2017  10 39 23.000  1  0.68904274    -0.00590726      55.627     0.008     0.004     0.017
   1316  2  3 2017  10 39 24.000  1  0.68904276    -0.00590729      55.619     0.007     0.004     0.016
   1317  2  3 2017  10 39 25.000  1  0.68904276    -0.00590729      55.614     0.008     0.005     0.018
   1318  2  3 2017  10 39 26.000  1  0.68904276    -0.00590729      55.626     0.009     0.005     0.020
   1319  2  3 2017  10 39 27.000  1  0.68904276    -0.00590729      55.625     0.009     0.005     0.020
   1320  2  3 2017  10 39 28.000  1  0.68904276    -0.00590729      55.636     0.009     0.005     0.020
   1321  2  3 2017  10 39 29.000  1  0.68904276    -0.00590729      55.639     0.009     0.005     0.020
   1322  2  3 2017  10 39 30.000  1  0.68904276    -0.00590729      55.629     0.009     0.005     0.021
   1323  2  3 2017  10 39 31.000  1  0.68904276    -0.00590732      55.626     0.010     0.006     0.023
   1324  2  3 2017  10 39 32.000  1  0.68904276    -0.00590735      55.638     0.010     0.006     0.022
   1325  2  3 2017  10 39 33.000  1  0.68904276    -0.00590739      55.627     0.012     0.007     0.025
   1326  2  3 2017  10 39 34.000  1  0.68904276    -0.00590741      55.630     0.009     0.005     0.020
   1327  2  3 2017  10 39 35.000  1  0.68904276    -0.00590742      55.626     0.009     0.005     0.020
   1328  2  3 2017  10 39 36.000  1  0.68904276    -0.00590742      55.631     0.010     0.006     0.022
   1329  2  3 2017  10 39 37.000  1  0.68904276    -0.00590741      55.638     0.011     0.006     0.023
   1330  2  3 2017  10 39 38.000  1  0.68904276    -0.00590741      55.629     0.011     0.006     0.025
   1331  2  3 2017  10 39 39.000  1  0.68904277    -0.00590743      55.660     0.009     0.005     0.019
   1332  2  3 2017  10 39 40.000  1  0.68904278    -0.00590743      55.654     0.009     0.005     0.020
   1333  2  3 2017  10 39 41.000  1  0.68904278    -0.00590743      55.656     0.009     0.005     0.021
   1334  2  3 2017  10 39 42.000  1  0.68904277    -0.00590743      55.647     0.009     0.005     0.020
   1335  2  3 2017  10 39 43.000  1  0.68904277    -0.00590743      55.643     0.009     0.005     0.019
   1336  2  3 2017  10 39 44.000  1  0.68904277    -0.00590743      55.645     0.009     0.005     0.021
   1337  2  3 2017  10 39 45.000  1  0.68904277    -0.00590743      55.652     0.010     0.006     0.021
   1338  2  3 2017  10 39 46.000  1  0.68904277    -0.00590743      55.649     0.008     0.004     0.017
   1339  2  3 2017  10 39 47.000  1  0.68904277    -0.00590743      55.642     0.009     0.005     0.020
   1340  2  3 2017  10 39 48.000  1  0.68904277    -0.00590743      55.651     0.008     0.005     0.019
   1341  2  3 2017  10 39 49.000  1  0.68904277    -0.00590743      55.652     0.010     0.006     0.022
   1342  2  3 2017  10 39 50.000  1  0.68904277    -0.00590743      55.641     0.009     0.005     0.021
   1343  2  3 2017  10 39 51.000  1  0.68904277    -0.00590743      55.648     0.009     0.005     0.019
   1344  2  3 2017  10 39 52.000  1  0.68904278    -0.00590744      55.647     0.009     0.005     0.020
   1345  2  3 2017  10 39 53.000  1  0.68904282    -0.00590753      55.635     0.011     0.007     0.025
   1346  2  3 2017  10 39 54.000  1  0.68904287    -0.00590769      55.626     0.007     0.004     0.016
   1347  2  3 2017  10 39 55.000  1  0.68904294    -0.00590787      55.638     0.012     0.007     0.025
   1348  2  3 2017  10 39 56.000  1  0.68904300    -0.00590807      55.633     0.008     0.004     0.017
   1349  2  3 2017  10 39 57.000  1  0.68904306    -0.00590828      55.637     0.012     0.007     0.026
   1350  2  3 2017  10 39 58.000  1  0.68904312    -0.00590851      55.649     0.010     0.006     0.021
   1351  2  3 2017  10 39 59.000  1  0.68904317    -0.00590874      55.667     0.010     0.006     0.022
   1352  2  3 2017  10 40  0.000  1  0.68904323    -0.00590895      55.654     0.008     0.005     0.018
   1353  2  3 2017  10 40  1.000  1  0.68904330    -0.00590917      55.664     0.011     0.006     0.024
   1354  2  3 2017  10 40  2.000  1  0.68904336    -0.00590936      55.640     0.013     0.007     0.028
   1355  2  3 2017  10 40  3.000  1  0.68904342    -0.00590956      55.681     0.013     0.007     0.028
   1356  2  3 2017  10 40  4.000  1  0.68904349    -0.00590978      55.683     0.011     0.007     0.025
   1357  2  3 2017  10 40  5.000  1  0.68904357    -0.00591001      55.683     0.007     0.004     0.016
   1358  2  3 2017  10 40  6.000  1  0.68904364    -0.00591022      55.691     0.008     0.005     0.017
   1359  2  3 2017  10 40  7.000  1  0.68904367    -0.00591030      55.676     0.009     0.005     0.020
   1360  2  3 2017  10 40  8.000  1  0.68904367    -0.00591031      55.669     0.008     0.005     0.018
   1361  2  3 2017  10 40  9.000  1  0.68904367    -0.00591031      55.672     0.009     0.005     0.020
   1362  2  3 2017  10 40 10.000  1  0.68904367    -0.00591031      55.674     0.008     0.005     0.019
   1363  2  3 2017  10 40 11.000  1  0.68904367    -0.00591031      55.669     0.009     0.005     0.020
   1364  2  3 2017  10 40 12.000  1  0.68904367    -0.00591031      55.676     0.009     0.005     0.019
   1365  2  3 2017  10 40 13.000  1  0.68904367    -0.00591031      55.673     0.010     0.006     0.021
   1366  2  3 2017  10 40 14.000  1  0.68904367    -0.00591031      55.672     0.008     0.005     0.017
   1367  2  3 2017  10 40 15.000  1  0.68904367    -0.00591031      55.668     0.008     0.005     0.018
   1368  2  3 2017  10 40 16.000  1  0.68904367    -0.00591031      55.665     0.009     0.005     0.019
   1369  2  3 2017  10 40 17.000  1  0.68904367    -0.00591031      55.669     0.008     0.005     0.018
   1370  2  3 2017  10 40 18.000  1  0.68904367    -0.00591031      55.669     0.009     0.005     0.019
   1371  2  3 2017  10 40 19.000  1  0.68904367    -0.00591031      55.674     0.009     0.005     0.020
   1372  2  3 2017  10 40 20.000  1  0.68904367    -0.00591031      55.668     0.009     0.005     0.020
   1373  2  3 2017  10 40 21.000  1  0.68904368    -0.00591034      55.656     0.009     0.005     0.019
   1374  2  3 2017  10 40 22.000  1  0.68904373    -0.00591047      55.666     0.008     0.005     0.019
   1375  2  3 2017  10 40 23.000  1  0.68904380    -0.00591068      55.683     0.010     0.006     0.023
   1376  2  3 2017  10 40 24.000  1  0.68904388    -0.00591091      55.683     0.011     0.007     0.025
   1377  2  3 2017  10 40 25.000  1  0.68904397    -0.00591112      55.677     0.009     0.005     0.020
   1378  2  3 2017  10 40 26.000  1  0.68904406    -0.00591134      55.675     0.008     0.005     0.018
   1379  2  3 2017  10 40 27.000  1  0.68904414    -0.00591156      55.674     0.009     0.005     0.019
   1380  2  3 2017  10 40 28.000  1  0.68904423    -0.00591179      55.685     0.009     0.006     0.021
   1381  2  3 2017  10 40 29.000  1  0.68904432    -0.00591201      55.688     0.008     0.005     0.018
   1382  2  3 2017  10 40 30.000  1  0.68904441    -0.00591224      55.701     0.008     0.004     0.017
   1383  2  3 2017  10 40 31.000  1  0.68904450    -0.00591247      55.724     0.009     0.005     0.019
   1384  2  3 2017  10 40 32.000  1  0.68904458    -0.00591266      55.685     0.012     0.007     0.026
   1385  2  3 2017  10 40 33.000  1  0.68904465    -0.00591284      55.754     0.015     0.009     0.034
   1386  2  3 2017  10 40 34.000  1  0.68904468    -0.00591292      55.769     0.013     0.007     0.028
   1387  2  3 2017  10 40 35.000  1  0.68904468    -0.00591293      55.750     0.012     0.007     0.026
   1388  2  3 2017  10 40 36.000  1  0.68904468    -0.00591292      55.760     0.015     0.009     0.034
   1389  2  3 2017  10 40 37.000  1  0.68904468    -0.00591292      55.761     0.013     0.007     0.028
   1390  2  3 2017  10 40 38.000  1  0.68904468    -0.00591292      55.755     0.013     0.007     0.028
   1391  2  3 2017  10 40 39.000  1  0.68904468    -0.00591292      55.771     0.015     0.009     0.033
   1392  2  3 2017  10 40 40.000  1  0.68904468    -0.00591292      55.769     0.016     0.009     0.035
   1393  2  3 2017  10 40 41.000  1  0.68904468    -0.00591292      55.758     0.014     0.008     0.030
   1394  2  3 2017  10 40 42.000  1  0.68904468    -0.00591292      55.763     0.014     0.008     0.030
   1395  2  3 2017  10 40 43.000  1  0.68904468    -0.00591292      55.764     0.014     0.008     0.031
   1396  2  3 2017  10 40 44.000  1  0.68904468    -0.00591292      55.737     0.012     0.007     0.025
   1397  2  3 2017  10 40 45.000  1  0.68904468    -0.00591293      55.747     0.013     0.007     0.028
   1398  2  3 2017  10 40 46.000  1  0.68904468    -0.00591293      55.752     0.013     0.008     0.029
   1399  2  3 2017  10 40 47.000  1  0.68904468    -0.00591293      55.747     0.011     0.007     0.024
   1400  2  3 2017  10 40 48.000  1  0.68904472    -0.00591304      55.764     0.018     0.011     0.039
   1401  2  3 2017  10 40 49.000  1  0.68904481    -0.00591325      55.800     0.022     0.013     0.048
   1402  2  3 2017  10 40 50.000  1  0.68904490    -0.00591349      55.794     0.022     0.013     0.048
   1403  2  3 2017  10 40 51.000  1  0.68904500    -0.00591372      55.833     0.023     0.014     0.050
   1404  2  3 2017  10 40 52.000  1  0.68904509    -0.00591395      55.855     0.026     0.015     0.057
   1405  2  3 2017  10 40 53.000  1  0.68904519    -0.00591416      55.901     0.036     0.021     0.077
   1406  2  3 2017  10 40 54.000  2  0.68904528    -0.00591442      55.721     0.274     0.154     0.612
   1407  2  3 2017  10 40 55.000  2  0.68904535    -0.00591463      55.503     0.291     0.168     0.652
   1408  2  3 2017  10 40 56.000  2  0.68904543    -0.00591484      55.422     0.303     0.177     0.680
   1409  2  3 2017  10 40 57.000  2  0.68904554    -0.00591501      55.785     0.274     0.155     0.613
   1410  2  3 2017  10 40 58.000  2  0.68904563    -0.00591521      55.903     0.276     0.155     0.615
   1411  2  3 2017  10 40 59.000  3  0.68904568    -0.00591540      55.757     0.450     0.212     0.982
   1412  2  3 2017  10 41  0.000  3  0.68904575    -0.00591557      55.799     0.450     0.213     0.983
   1413  2  3 2017  10 41  1.000  3  0.68904582    -0.00591575      55.760     0.449     0.212     0.980
   1414  2  3 2017  10 41  2.000  3  0.68904587    -0.00591586      55.823     0.455     0.215     0.994
   1415  2  3 2017  10 41  3.000  3  0.68904588    -0.00591589      55.827     0.455     0.215     0.992
   1416  2  3 2017  10 41  4.000  3  0.68904588    -0.00591589      55.828     0.457     0.216     0.998
   1417  2  3 2017  10 41  5.000  3  0.68904588    -0.00591589      55.828     0.448     0.212     0.977
   1418  2  3 2017  10 41  6.000  3  0.68904588    -0.00591589      55.868     0.452     0.214     0.985
   1419  2  3 2017  10 41  7.000  3  0.68904588    -0.00591589      55.828     0.449     0.213     0.980
   1420  2  3 2017  10 41  8.000  3  0.68904588    -0.00591589      55.880     0.448     0.212     0.978
   1421  2  3 2017  10 41  9.000  3  0.68904588    -0.00591589      55.863     0.447     0.211     0.974
   1422  2  3 2017  10 41 10.000  3  0.68904589    -0.00591590      55.807     0.455     0.215     0.991
   1423  2  3 2017  10 41 11.000  3  0.68904589    -0.00591590      55.802     0.451     0.213     0.982
   1424  2  3 2017  10 41 12.000  3  0.68904588    -0.00591590      55.775     0.451     0.213     0.982
   1425  2  3 2017  10 41 13.000  3  0.68904588    -0.00591590      55.795     0.458     0.216     0.997
   1426  2  3 2017  10 41 14.000  3  0.68904593    -0.00591602      55.776     0.453     0.215     0.987
   1427  2  3 2017  10 41 15.000  3  0.68904599    -0.00591622      55.758     0.446     0.211     0.971
   1428  2  3 2017  10 41 16.000  3  0.68904608    -0.00591642      55.819     0.453     0.214     0.986
   1429  2  3 2017  10 41 17.000  3  0.68904615    -0.00591663      55.731     0.459     0.217     0.999
   1430  2  3 2017  10 41 18.000  3  0.68904624    -0.00591684      55.758     0.449     0.213     0.978
   1431  2  3 2017  10 41 19.000  3  0.68904631    -0.00591704      55.756     0.453     0.215     0.986
   1432  2  3 2017  10 41 20.000  3  0.68904640    -0.00591725      55.730     0.447     0.212     0.973
   1433  2  3 2017  10 41 21.000  3  0.68904647    -0.00591745      55.752     0.461     0.218     1.003
   1434  2  3 2017  10 41 22.000  3  0.68904653    -0.00591764      55.716     0.454     0.215     0.987
   1435  2  3 2017  10 41 23.000  3  0.68904661    -0.00591783      55.743     0.449     0.213     0.977
   1436  2  3 2017  10 41 24.000  3  0.68904667    -0.00591804      55.700     0.462     0.219     1.003
   1437  2  3 2017  10 41 25.000  3  0.68904675    -0.00591824      55.740     0.458     0.217     0.995
   1438  2  3 2017  10 41 26.000  3  0.68904682    -0.00591843      55.715     0.458     0.217     0.994
   1439  2  3 2017  10 41 27.000  3  0.68904689    -0.00591862      55.798     0.461     0.218     1.001
   1440  2  3 2017  10 41 28.000  3  0.68904696    -0.00591881      55.752     0.453     0.215     0.983
   1441  2  3 2017  10 41 29.000  3  0.68904704    -0.00591900      55.722     0.457     0.217     0.993
   1442  2  3 2017  10 41 30.000  3  0.68904711    -0.00591919      55.748     0.453     0.215     0.983
   1443  2  3 2017  10 41 31.000  3  0.68904716    -0.00591931      55.756     0.455     0.216     0.988
   1444  2  3 2017  10 41 32.000  3  0.68904718    -0.00591937      55.680     0.458     0.217     0.995
   1445  2  3 2017  10 41 33.000  3  0.68904718    -0.00591940      55.640     0.459     0.217     0.995
   1446  2  3 2017  10 41 34.000  3  0.68904719    -0.00591941      55.689     0.465     0.221     1.009
   1447  2  3 2017  10 41 35.000  3  0.68904719    -0.00591941      55.653     0.462     0.219     1.003
   1448  2  3 2017  10 41 36.000  3  0.68904719    -0.00591941      55.658     0.461     0.218     0.998
   1449  2  3 2017  10 41 37.000  3  0.68904719    -0.00591941      55.644     0.464     0.220     1.005
   1450  2  3 2017  10 41 38.000  3  0.68904719    -0.00591941      55.625     0.463     0.220     1.004
   1451  2  3 2017  10 41 39.000  3  0.68904719    -0.00591941      55.653     0.461     0.219     0.999
   1452  2  3 2017  10 41 40.000  3  0.68904719    -0.00591941      55.601     0.466     0.221     1.009
   1453  2  3 2017  10 41 41.000  3  0.68904718    -0.00591941      55.590     0.464     0.220     1.004
   1454  2  3 2017  10 41 42.000  3  0.68904719    -0.00591941      55.606     0.460     0.218     0.996
   1455  2  3 2017  10 41 43.000  3  0.68904719    -0.00591941      55.632     0.462     0.219     0.999
   1456  2  3 2017  10 41 44.000  3  0.68904719    -0.00591941      55.670     0.473     0.224     1.023
   1457  2  3 2017  10 41 45.000  3  0.68904718    -0.00591941      55.620     0.462     0.219     1.000
   1458  2  3 2017  10 41 46.000  3  0.68904719    -0.00591941      55.618     0.473     0.224     1.022
   1459  2  3 2017  10 41 47.000  3  0.68904718    -0.00591941      55.575     0.465     0.221     1.005
   1460  2  3 2017  10 41 48.000  3  0.68904719    -0.00591941      55.606     0.463     0.220     1.002
   1461  2  3 2017  10 41 49.000  3  0.68904719    -0.00591941      55.630     0.465     0.221     1.004
   1462  2  3 2017  10 41 50.000  3  0.68904722    -0.00591950      55.604     0.468     0.222     1.012
   1463  2  3 2017  10 41 51.000  3  0.68904728    -0.00591967      55.655     0.465     0.221     1.004
   1464  2  3 2017  10 41 52.000  3  0.68904730    -0.00591988      55.712     0.464     0.221     1.003
   1465  2  3 2017  10 41 53.000  3  0.68904729    -0.00592014      55.620     0.474     0.225     1.023
   1466  2  3 2017  10 41 54.000  3  0.68904726    -0.00592038      55.682     0.470     0.223     1.015
   1467  2  3 2017  10 41 55.000  3  0.68904723    -0.00592064      55.647     0.470     0.223     1.015
   1468  2  3 2017  10 41 56.000  3  0.68904719    -0.00592089      55.757     0.469     0.223     1.012
   1469  2  3 2017  10 41 57.000  3  0.68904715    -0.00592115      55.654     0.469     0.223     1.013
   1470  2  3 2017  10 41 58.000  3  0.68904712    -0.00592139      55.709     0.470     0.224     1.015
   1471  2  3 2017  10 41 59.000  3  0.68904712    -0.00592161      55.659     0.481     0.229     1.037
   1472  2  3 2017  10 42  0.000  3  0.68904716    -0.00592178      55.648     0.465     0.221     1.003
   1473  2  3 2017  10 42  1.000  3  0.68904719    -0.00592189      55.788     0.473     0.225     1.019
   1474  2  3 2017  10 42  2.000  3  0.68904724    -0.00592198      55.705     0.472     0.224     1.017
   1475  2  3 2017  10 42  3.000  3  0.68904734    -0.00592207      55.626     0.474     0.225     1.022
   1476  2  3 2017  10 42  4.000  3  0.68904747    -0.00592216      55.634     0.480     0.228     1.034
   1477  2  3 2017  10 42  5.000  3  0.68904759    -0.00592224      55.660     0.481     0.229     1.037
   1478  2  3 2017  10 42  6.000  3  0.68904771    -0.00592231      55.665     0.478     0.227     1.029
   1479  2  3 2017  10 42  7.000  3  0.68904785    -0.00592239      55.646     0.470     0.224     1.012
   1480  2  3 2017  10 42  8.000  3  0.68904802    -0.00592247      55.711     0.475     0.226     1.022
   1481  2  3 2017  10 42  9.000  3  0.68904819    -0.00592255      55.682     0.478     0.227     1.028
   1482  2  3 2017  10 42 10.000  3  0.68904834    -0.00592264      55.720     0.475     0.226     1.023
   1483  2  3 2017  10 42 11.000  3  0.68904846    -0.00592269      55.729     0.479     0.228     1.030
   1484  2  3 2017  10 42 12.000  3  0.68904853    -0.00592274      55.675     0.478     0.228     1.028
   1485  2  3 2017  10 42 13.000  2  0.68904853    -0.00592277      55.428     0.393     0.190     0.796
   1486  2  3 2017  10 42 14.000  2  0.68904853    -0.00592276      55.501     0.368     0.179     0.720
   1487  2  3 2017  10 42 15.000  2  0.68904852    -0.00592276      55.358     0.383     0.187     0.741
   1488  2  3 2017  10 42 16.000  2  0.68904853    -0.00592276      55.487     0.372     0.182     0.720
   1489  2  3 2017  10 42 17.000  2  0.68904854    -0.00592276      55.556     0.372     0.181     0.719
   1490  2  3 2017  10 42 18.000  2  0.68904854    -0.00592275      55.682     0.368     0.179     0.720
   1491  2  3 2017  10 42 19.000  2  0.68904854    -0.00592275      55.727     0.349     0.171     0.660
   1492  2  3 2017  10 42 20.000  2  0.68904855    -0.00592275      55.760     0.341     0.167     0.644
   1493  2  3 2017  10 42 21.000  2  0.68904855    -0.00592275      55.789     0.342     0.168     0.647
   1494  2  3 2017  10 42 22.000  2  0.68904855    -0.00592275      55.821     0.338     0.166     0.630
   1495  2  3 2017  10 42 23.000  2  0.68904855    -0.00592275      55.790     0.326     0.161     0.590
   1496  2  3 2017  10 42 24.000  2  0.68904855    -0.00592275      55.831     0.326     0.161     0.590
   1497  2  3 2017  10 42 25.000  2  0.68904855    -0.00592275      55.816     0.335     0.165     0.615
   1498  2  3 2017  10 42 26.000  2  0.68904855    -0.00592275      55.862     0.328     0.162     0.592
   1499  2  3 2017  10 42 27.000  2  0.68904855    -0.00592275      55.825     0.321     0.160     0.562
   1500  2  3 2017  10 42 28.000  2  0.68904855    -0.00592275      55.805     0.321     0.160     0.562
   1501  2  3 2017  10 42 29.000  2  0.68904855    -0.00592275      55.818     0.321     0.160     0.561
   1502  2  3 2017  10 42 30.000  2  0.68904855    -0.00592275      55.772     0.322     0.160     0.562
   1503  2  3 2017  10 42 31.000  2  0.68904855    -0.00592275      55.799     0.321     0.160     0.553
   1504  2  3 2017  10 42 32.000  2  0.68904855    -0.00592275      55.781     0.325     0.161     0.568
   1505  2  3 2017  10 42 33.000  2  0.68904855    -0.00592275      55.719     0.328     0.162     0.585
   1506  2  3 2017  10 42 34.000  2  0.68904855    -0.00592275      55.783     0.324     0.161     0.564
   1507  2  3 2017  10 42 35.000  2  0.68904855    -0.00592275      55.811     0.323     0.161     0.556
   1508  2  3 2017  10 42 36.000  2  0.68904856    -0.00592275      55.811     0.321     0.160     0.552
   1509  2  3 2017  10 42 37.000  2  0.68904860    -0.00592276      55.789     0.320     0.159     0.550
   1510  2  3 2017  10 42 38.000  1  0.68904857    -0.00592279      55.698     0.012     0.006     0.018
   1511  2  3 2017  10 42 39.000  1  0.68904858    -0.00592279      55.703     0.012     0.006     0.017
   1512  2  3 2017  10 42 40.000  1  0.68904858    -0.00592280      55.708     0.011     0.005     0.017
   1513  2  3 2017  10 42 41.000  1  0.68904858    -0.00592280      55.715     0.012     0.006     0.017
   1514  2  3 2017  10 42 42.000  1  0.68904858    -0.00592282      55.705     0.012     0.006     0.017
   1515  2  3 2017  10 42 43.000  1  0.68904858    -0.00592282      55.705     0.012     0.006     0.018
   1516  2  3 2017  10 42 44.000  1  0.68904859    -0.00592282      55.707     0.011     0.005     0.017
   1517  2  3 2017  10 42 45.000  1  0.68904858    -0.00592282      55.702     0.012     0.006     0.017
   1518  2  3 2017  10 42 46.000  1  0.68904859    -0.00592282      55.710     0.010     0.005     0.015
   1519  2  3 2017  10 42 47.000  1  0.68904859    -0.00592282      55.710     0.010     0.005     0.015
   1520  2  3 2017  10 42 48.000  1  0.68904859    -0.00592282      55.702     0.011     0.005     0.016
   1521  2  3 2017  10 42 49.000  1  0.68904859    -0.00592282      55.704     0.012     0.006     0.017
   1522  2  3 2017  10 42 50.000  1  0.68904859    -0.00592282      55.701     0.010     0.005     0.015
   1523  2  3 2017  10 42 51.000  1  0.68904859    -0.00592282      55.705     0.011     0.005     0.016
   1524  2  3 2017  10 42 52.000  1  0.68904859    -0.00592282      55.702     0.011     0.005     0.017
   1525  2  3 2017  10 42 53.000  1  0.68904859    -0.00592282      55.712     0.010     0.005     0.015
   1526  2  3 2017  10 42 54.000  1  0.68904859    -0.00592282      55.713     0.012     0.005     0.017
   1527  2  3 2017  10 42 55.000  1  0.68904859    -0.00592282      55.705     0.012     0.006     0.018
   1528  2  3 2017  10 42 56.000  1  0.68904859    -0.00592282      55.706     0.013     0.006     0.019
   1529  2  3 2017  10 42 57.000  1  0.68904859    -0.00592282      55.709     0.014     0.007     0.021
   1530  2  3 2017  10 42 58.000  1  0.68904859    -0.00592282      55.705     0.012     0.006     0.018
   1531  2  3 2017  10 42 59.000  1  0.68904859    -0.00592282      55.705     0.013     0.006     0.019
   1532  2  3 2017  10 43  0.000  1  0.68904859    -0.00592282      55.700     0.012     0.006     0.018
   1533  2  3 2017  10 43  1.000  1  0.68904859    -0.00592282      55.705     0.012     0.006     0.018
   1534  2  3 2017  10 43  2.000  1  0.68904859    -0.00592282      55.706     0.012     0.006     0.018
   1535  2  3 2017  10 43  3.000  1  0.68904859    -0.00592282      55.701     0.012     0.006     0.017
   1536  2  3 2017  10 43  4.000  1  0.68904859    -0.00592282      55.701     0.013     0.006     0.019
   1537  2  3 2017  10 43  5.000  1  0.68904859    -0.00592282      55.709     0.013     0.006     0.019
   1538  2  3 2017  10 43  6.000  1  0.68904859    -0.00592282      55.702     0.013     0.006     0.019
   1539  2  3 2017  10 43  7.000  1  0.68904859    -0.00592282      55.700     0.013     0.006     0.019
   1540  2  3 2017  10 43  8.000  1  0.68904859    -0.00592282      55.710     0.012     0.006     0.018
   1541  2  3 2017  10 43  9.000  1  0.68904859    -0.00592282      55.707     0.012     0.006     0.018
   1542  2  3 2017  10 43 10.000  1  0.68904861    -0.00592285      55.702     0.011     0.005     0.017
   1543  2  3 2017  10 43 11.000  1  0.68904866    -0.00592294      55.710     0.012     0.006     0.018
   1544  2  3 2017  10 43 12.000  1  0.68904872    -0.00592307      55.693     0.010     0.005     0.015
   1545  2  3 2017  10 43 13.000  1  0.68904879    -0.00592318      55.715     0.010     0.005     0.015
   1546  2  3 2017  10 43 14.000  1  0.68904875    -0.00592311      55.714     0.010     0.005     0.015
   1547  2  3 2017  10 43 15.000  1  0.68904861    -0.00592284      55.716     0.014     0.007     0.021
   1548  2  3 2017  10 43 16.000  1  0.68904845    -0.00592255      55.705     0.009     0.004     0.014
   1549  2  3 2017  10 43 17.000  1  0.68904831    -0.00592228      55.728     0.013     0.006     0.020
   1550  2  3 2017  10 43 18.000  1  0.68904824    -0.00592214      55.792     0.018     0.008     0.026
   1551  2  3 2017  10 43 19.000  1  0.68904827    -0.00592219      55.752     0.009     0.004     0.015
   1552  2  3 2017  10 43 20.000  1  0.68904836    -0.00592237      55.712     0.008     0.004     0.014
   1553  2  3 2017  10 43 21.000  1  0.68904849    -0.00592263      55.690     0.009     0.004     0.015
   1554  2  3 2017  10 43 22.000  1  0.68904864    -0.00592291      55.722     0.009     0.004     0.015
   1555  2  3 2017  10 43 23.000  1  0.68904878    -0.00592320      55.712     0.010     0.005     0.016
   1556  2  3 2017  10 43 24.000  1  0.68904888    -0.00592342      55.712     0.010     0.005     0.016
   1557  2  3 2017  10 43 25.000  1  0.68904884    -0.00592334      55.722     0.015     0.007     0.024
   1558  2  3 2017  10 43 26.000  1  0.68904869    -0.00592301      55.684     0.012     0.006     0.019
   1559  2  3 2017  10 43 27.000  1  0.68904852    -0.00592264      55.697     0.010     0.005     0.016
   1560  2  3 2017  10 43 28.000  1  0.68904838    -0.00592234      55.711     0.011     0.005     0.015
   1561  2  3 2017  10 43 29.000  1  0.68904831    -0.00592219      55.728     0.011     0.005     0.016
   1562  2  3 2017  10 43 30.000  1  0.68904833    -0.00592223      55.736     0.011     0.005     0.017
   1563  2  3 2017  10 43 31.000  1  0.68904848    -0.00592258      55.706     0.013     0.006     0.019
   1564  2  3 2017  10 43 32.000  1  0.68904869    -0.00592304      55.721     0.009     0.004     0.014
   1565  2  3 2017  10 43 33.000  1  0.68904886    -0.00592347      55.698     0.008     0.004     0.012
   1566  2  3 2017  10 43 34.000  1  0.68904886    -0.00592346      55.689     0.008     0.004     0.012
   1567  2  3 2017  10 43 35.000  1  0.68904873    -0.00592312      55.720     0.012     0.005     0.017
   1568  2  3 2017  10 43 36.000  1  0.68904861    -0.00592284      55.695     0.008     0.004     0.012
   1569  2  3 2017  10 43 37.000  1  0.68904852    -0.00592263      55.701     0.009     0.004     0.014
   1570  2  3 2017  10 43 38.000  1  0.68904845    -0.00592247      55.702     0.009     0.004     0.013
   1571  2  3 2017  10 43 39.000  1  0.68904839    -0.00592235      55.706     0.013     0.006     0.019
   1572  2  3 2017  10 43 40.000  1  0.68904836    -0.00592226      55.724     0.009     0.004     0.013
   1573  2  3 2017  10 43 41.000  1  0.68904833    -0.00592220      55.731     0.010     0.005     0.014
   1574  2  3 2017  10 43 42.000  1  0.68904833    -0.00592220      55.738     0.009     0.004     0.013
   1575  2  3 2017  10 43 43.000  1  0.68904833    -0.00592220      55.744     0.013     0.006     0.019
   1576  2  3 2017  10 43 44.000  1  0.68904834    -0.00592221      55.743     0.014     0.007     0.021
   1577  2  3 2017  10 43 45.000  1  0.68904831    -0.00592216      55.733     0.013     0.006     0.019
   1578  2  3 2017  10 43 46.000  1  0.68904825    -0.00592203      55.761     0.025     0.012     0.036
   1579  2  3 2017  10 43 47.000  1  0.68904815    -0.00592192      55.820     0.033     0.015     0.052
   1580  2  3 2017  10 43 48.000  1  0.68904804    -0.00592181      55.774     0.016     0.008     0.032
   1581  2  3 2017  10 43 49.000  1  0.68904791    -0.00592173      55.701     0.014     0.007     0.029
   1582  2  3 2017  10 43 50.000  1  0.68904780    -0.00592164      55.727     0.012     0.006     0.023
   1583  2  3 2017  10 43 51.000  1  0.68904768    -0.00592158      55.694     0.010     0.005     0.020
   1584  2  3 2017  10 43 52.000  1  0.68904756    -0.00592150      55.714     0.011     0.005     0.021
   1585  2  3 2017  10 43 53.000  1  0.68904741    -0.00592142      55.669     0.012     0.006     0.023
   1586  2  3 2017  10 43 54.000  1  0.68904728    -0.00592134      55.711     0.012     0.006     0.024
   1587  2  3 2017  10 43 55.000  1  0.68904715    -0.00592125      55.700     0.012     0.006     0.023
   1588  2  3 2017  10 43 56.000  1  0.68904701    -0.00592117      55.749     0.012     0.006     0.024
   1589  2  3 2017  10 43 57.000  1  0.68904689    -0.00592105      55.748     0.013     0.006     0.026
   1590  2  3 2017  10 43 58.000  1  0.68904678    -0.00592094      55.790     0.013     0.006     0.025
   1591  2  3 2017  10 43 59.000  1  0.68904670    -0.00592082      55.785     0.014     0.007     0.028
   1592  2  3 2017  10 44  0.000  1  0.68904667    -0.00592082      55.735     0.014     0.007     0.029
   1593  2  3 2017  10 44  1.000  1  0.68904667    -0.00592082      55.732     0.018     0.009     0.035
   1594  2  3 2017  10 44  2.000  1  0.68904667    -0.00592084      55.787     0.020     0.010     0.041
   1595  2  3 2017  10 44  3.000  1  0.68904668    -0.00592086      55.788     0.018     0.009     0.036
   1596  2  3 2017  10 44  4.000  1  0.68904668    -0.00592085      55.777     0.017     0.008     0.035
   1597  2  3 2017  10 44  5.000  1  0.68904665    -0.00592078      55.812     0.016     0.008     0.033
   1598  2  3 2017  10 44  6.000  1  0.68904659    -0.00592064      55.782     0.016     0.008     0.032
   1599  2  3 2017  10 44  7.000  1  0.68904652    -0.00592049      55.740     0.015     0.007     0.030
   1600  2  3 2017  10 44  8.000  1  0.68904646    -0.00592034      55.787     0.015     0.007     0.029
   1601  2  3 2017  10 44  9.000  1  0.68904640    -0.00592019      55.805     0.012     0.006     0.025
   1602  2  3 2017  10 44 10.000  1  0.68904633    -0.00592002      55.795     0.013     0.006     0.026
   1603  2  3 2017  10 44 11.000  1  0.68904625    -0.00591986      55.719     0.012     0.006     0.024
   1604  2  3 2017  10 44 12.000  1  0.68904619    -0.00591972      55.756     0.013     0.006     0.025
   1605  2  3 2017  10 44 13.000  1  0.68904614    -0.00591958      55.796     0.013     0.006     0.025
   1606  2  3 2017  10 44 14.000  1  0.68904611    -0.00591950      55.809     0.012     0.006     0.023
   1607  2  3 2017  10 44 15.000  1  0.68904611    -0.00591949      55.820     0.014     0.007     0.028
   1608  2  3 2017  10 44 16.000  1  0.68904611    -0.00591949      55.809     0.021     0.010     0.041
   1609  2  3 2017  10 44 17.000  1  0.68904611    -0.00591949      55.777     0.025     0.012     0.049
   1610  2  3 2017  10 44 18.000  1  0.68904611    -0.00591949      55.789     0.025     0.012     0.049
   1611  2  3 2017  10 44 19.000  1  0.68904611    -0.00591949      55.784     0.024     0.012     0.049
   1612  2  3 2017  10 44 20.000  1  0.68904611    -0.00591949      55.778     0.025     0.012     0.050
   1613  2  3 2017  10 44 21.000  1  0.68904611    -0.00591949      55.784     0.024     0.012     0.048
   1614  2  3 2017  10 44 22.000  1  0.68904611    -0.00591949      55.789     0.024     0.012     0.048
   1615  2  3 2017  10 44 23.000  1  0.68904610    -0.00591949      55.774     0.025     0.012     0.050
   1616  2  3 2017  10 44 24.000  1  0.68904611    -0.00591949      55.789     0.024     0.012     0.048
   1617  2  3 2017  10 44 25.000  1  0.68904610    -0.00591948      55.764     0.023     0.011     0.046
   1618  2  3 2017  10 44 26.000  1  0.68904610    -0.00591947      55.777     0.020     0.010     0.040
   1619  2  3 2017  10 44 27.000  1  0.68904610    -0.00591947      55.763     0.018     0.009     0.036
   1620  2  3 2017  10 44 28.000  1  0.68904609    -0.00591947      55.771     0.016     0.008     0.033
   1621  2  3 2017  10 44 29.000  1  0.68904609    -0.00591947      55.767     0.015     0.007     0.029
   1622  2  3 2017  10 44 30.000  1  0.68904610    -0.00591947      55.772     0.016     0.008     0.032
   1623  2  3 2017  10 44 31.000  1  0.68904609    -0.00591947      55.772     0.017     0.008     0.034
   1624  2  3 2017  10 44 32.000  1  0.68904610    -0.00591947      55.772     0.017     0.008     0.034
   1625  2  3 2017  10 44 33.000  1  0.68904609    -0.00591947      55.758     0.016     0.008     0.032
   1626  2  3 2017  10 44 34.000  1  0.68904609    -0.00591947      55.768     0.016     0.008     0.032
   1627  2  3 2017  10 44 35.000  1  0.68904609    -0.00591947      55.753     0.016     0.008     0.033
   1628  2  3 2017  10 44 36.000  1  0.68904609    -0.00591947      55.759     0.017     0.008     0.034
   1629  2  3 2017  10 44 37.000  1  0.68904609    -0.00591947      55.767     0.016     0.008     0.032
   1630  2  3 2017  10 44 38.000  1  0.68904609    -0.00591947      55.779     0.016     0.008     0.032
   1631  2  3 2017  10 44 39.000  1  0.68904610    -0.00591947      55.772     0.017     0.008     0.033
   1632  2  3 2017  10 44 40.000  1  0.68904609    -0.00591947      55.750     0.017     0.008     0.033
   1633  2  3 2017  10 44 41.000  1  0.68904609    -0.00591947      55.763     0.016     0.008     0.033
   1634  2  3 2017  10 44 42.000  1  0.68904610    -0.00591947      55.768     0.017     0.008     0.034
   1635  2  3 2017  10 44 43.000  1  0.68904609    -0.00591947      55.757     0.018     0.009     0.035
   1636  2  3 2017  10 44 44.000  1  0.68904609    -0.00591947      55.755     0.016     0.008     0.032
   1637  2  3 2017  10 44 45.000  1  0.68904607    -0.00591941      55.743     0.015     0.008     0.031
   1638  2  3 2017  10 44 46.000  1  0.68904601    -0.00591926      55.784     0.013     0.007     0.027
   1639  2  3 2017  10 44 47.000  1  0.68904593    -0.00591908      55.748     0.013     0.006     0.026
   1640  2  3 2017  10 44 48.000  1  0.68904584    -0.00591887      55.740     0.014     0.007     0.027
   1641  2  3 2017  10 44 49.000  1  0.68904576    -0.00591865      55.805     0.014     0.007     0.028
   1642  2  3 2017  10 44 50.000  1  0.68904567    -0.00591842      55.842     0.014     0.007     0.028
   1643  2  3 2017  10 44 51.000  1  0.68904558    -0.00591820      55.821     0.015     0.007     0.030
   1644  2  3 2017  10 44 52.000  1  0.68904549    -0.00591798      55.750     0.013     0.007     0.027
   1645  2  3 2017  10 44 53.000  1  0.68904539    -0.00591775      55.725     0.015     0.007     0.029
   1646  2  3 2017  10 44 54.000  1  0.68904531    -0.00591754      55.784     0.014     0.007     0.028
   1647  2  3 2017  10 44 55.000  1  0.68904524    -0.00591737      55.727     0.016     0.008     0.031
   1648  2  3 2017  10 44 56.000  1  0.68904519    -0.00591723      55.786     0.014     0.007     0.028
   1649  2  3 2017  10 44 57.000  1  0.68904516    -0.00591717      55.790     0.016     0.008     0.031
   1650  2  3 2017  10 44 58.000  1  0.68904515    -0.00591714      55.735     0.017     0.008     0.033
   1651  2  3 2017  10 44 59.000  1  0.68904514    -0.00591712      55.739     0.015     0.008     0.030
   1652  2  3 2017  10 45  0.000  1  0.68904513    -0.00591711      55.739     0.015     0.007     0.029
   1653  2  3 2017  10 45  1.000  1  0.68904513    -0.00591709      55.765     0.014     0.007     0.027
   1654  2  3 2017  10 45  2.000  1  0.68904512    -0.00591708      55.721     0.013     0.006     0.026
   1655  2  3 2017  10 45  3.000  1  0.68904512    -0.00591708      55.701     0.015     0.007     0.029
   1656  2  3 2017  10 45  4.000  1  0.68904512    -0.00591707      55.717     0.017     0.008     0.034
   1657  2  3 2017  10 45  5.000  1  0.68904512    -0.00591707      55.730     0.019     0.010     0.038
   1658  2  3 2017  10 45  6.000  1  0.68904512    -0.00591707      55.714     0.021     0.010     0.042
   1659  2  3 2017  10 45  7.000  1  0.68904512    -0.00591707      55.722     0.022     0.011     0.044
   1660  2  3 2017  10 45  8.000  1  0.68904512    -0.00591707      55.729     0.022     0.011     0.043
   1661  2  3 2017  10 45  9.000  1  0.68904512    -0.00591707      55.722     0.022     0.011     0.043
   1662  2  3 2017  10 45 10.000  1  0.68904512    -0.00591707      55.735     0.021     0.010     0.042
   1663  2  3 2017  10 45 11.000  1  0.68904512    -0.00591707      55.725     0.021     0.010     0.041
   1664  2  3 2017  10 45 12.000  1  0.68904512    -0.00591707      55.726     0.020     0.010     0.039
   1665  2  3 2017  10 45 13.000  1  0.68904512    -0.00591707      55.725     0.020     0.010     0.040
   1666  2  3 2017  10 45 14.000  1  0.68904512    -0.00591707      55.731     0.020     0.010     0.040
   1667  2  3 2017  10 45 15.000  1  0.68904512    -0.00591707      55.724     0.021     0.010     0.041
   1668  2  3 2017  10 45 16.000  1  0.68904512    -0.00591707      55.743     0.020     0.010     0.039
   1669  2  3 2017  10 45 17.000  1  0.68904512    -0.00591707      55.731     0.019     0.009     0.037
   1670  2  3 2017  10 45 18.000  1  0.68904512    -0.00591707      55.721     0.018     0.009     0.036
   1671  2  3 2017  10 45 19.000  1  0.68904512    -0.00591707      55.726     0.019     0.009     0.037
   1672  2  3 2017  10 45 20.000  1  0.68904512    -0.00591707      55.728     0.019     0.009     0.037
   1673  2  3 2017  10 45 21.000  1  0.68904512    -0.00591707      55.738     0.019     0.009     0.036
   1674  2  3 2017  10 45 22.000  1  0.68904512    -0.00591707      55.735     0.019     0.009     0.038
   1675  2  3 2017  10 45 23.000  1  0.68904512    -0.00591707      55.747     0.018     0.009     0.036
   1676  2  3 2017  10 45 24.000  1  0.68904512    -0.00591707      55.745     0.017     0.009     0.034
   1677  2  3 2017  10 45 25.000  1  0.68904511    -0.00591705      55.774     0.017     0.008     0.033
   1678  2  3 2017  10 45 26.000  1  0.68904505    -0.00591691      55.735     0.012     0.006     0.024
   1679  2  3 2017  10 45 27.000  1  0.68904497    -0.00591672      55.711     0.014     0.007     0.028
   1680  2  3 2017  10 45 28.000  1  0.68904488    -0.00591649      55.759     0.016     0.008     0.032
   1681  2  3 2017  10 45 29.000  1  0.68904478    -0.00591627      55.729     0.016     0.008     0.032
   1682  2  3 2017  10 45 30.000  1  0.68904468    -0.00591603      55.767     0.016     0.008     0.031
   1683  2  3 2017  10 45 31.000  1  0.68904458    -0.00591579      55.775     0.016     0.008     0.032
   1684  2  3 2017  10 45 32.000  1  0.68904448    -0.00591555      55.790     0.017     0.009     0.034
   1685  2  3 2017  10 45 33.000  1  0.68904438    -0.00591531      55.761     0.017     0.008     0.033
   1686  2  3 2017  10 45 34.000  1  0.68904429    -0.00591508      55.764     0.016     0.008     0.031
   1687  2  3 2017  10 45 35.000  1  0.68904420    -0.00591487      55.764     0.017     0.008     0.032
   1688  2  3 2017  10 45 36.000  1  0.68904411    -0.00591466      55.713     0.015     0.007     0.029
   1689  2  3 2017  10 45 37.000  1  0.68904404    -0.00591445      55.755     0.015     0.007     0.029
   1690  2  3 2017  10 45 38.000  1  0.68904395    -0.00591426      55.746     0.015     0.007     0.029
   1691  2  3 2017  10 45 39.000  1  0.68904388    -0.00591409      55.731     0.016     0.008     0.031
   1692  2  3 2017  10 45 40.000  1  0.68904383    -0.00591394      55.742     0.015     0.008     0.030
   1693  2  3 2017  10 45 41.000  1  0.68904381    -0.00591390      55.735     0.015     0.007     0.030
   1694  2  3 2017  10 45 42.000  1  0.68904380    -0.00591387      55.721     0.016     0.008     0.032
   1695  2  3 2017  10 45 43.000  1  0.68904380    -0.00591386      55.730     0.017     0.008     0.033
   1696  2  3 2017  10 45 44.000  1  0.68904380    -0.00591386      55.738     0.017     0.009     0.034
   1697  2  3 2017  10 45 45.000  1  0.68904379    -0.00591385      55.717     0.018     0.009     0.035
   1698  2  3 2017  10 45 46.000  1  0.68904379    -0.00591384      55.717     0.019     0.010     0.038
   1699  2  3 2017  10 45 47.000  1  0.68904379    -0.00591384      55.704     0.021     0.010     0.041
   1700  2  3 2017  10 45 48.000  1  0.68904379    -0.00591384      55.735     0.021     0.010     0.041
   1701  2  3 2017  10 45 49.000  1  0.68904379    -0.00591384      55.711     0.023     0.011     0.044
   1702  2  3 2017  10 45 50.000  1  0.68904379    -0.00591384      55.724     0.023     0.011     0.044
   1703  2  3 2017  10 45 51.000  1  0.68904379    -0.00591384      55.717     0.023     0.011     0.045
   1704  2  3 2017  10 45 52.000  1  0.68904379    -0.00591384      55.709     0.023     0.011     0.045
   1705  2  3 2017  10 45 53.000  1  0.68904379    -0.00591384      55.717     0.023     0.012     0.046
   1706  2  3 2017  10 45 54.000  1  0.68904379    -0.00591384      55.715     0.024     0.012     0.046
   1707  2  3 2017  10 45 55.000  1  0.68904379    -0.00591384      55.719     0.022     0.011     0.044
   1708  2  3 2017  10 45 56.000  1  0.68904379    -0.00591384      55.716     0.021     0.010     0.041
   1709  2  3 2017  10 45 57.000  1  0.68904379    -0.00591384      55.728     0.020     0.010     0.040
   1710  2  3 2017  10 45 58.000  1  0.68904379    -0.00591384      55.726     0.019     0.009     0.037
   1711  2  3 2017  10 45 59.000  1  0.68904379    -0.00591384      55.734     0.018     0.009     0.036
   1712  2  3 2017  10 46  0.000  1  0.68904375    -0.00591374      55.695     0.018     0.009     0.036
   1713  2  3 2017  10 46  1.000  1  0.68904368    -0.00591358      55.713     0.016     0.008     0.031
   1714  2  3 2017  10 46  2.000  1  0.68904360    -0.00591336      55.708     0.015     0.007     0.029
   1715  2  3 2017  10 46  3.000  1  0.68904351    -0.00591313      55.700     0.014     0.007     0.028
   1716  2  3 2017  10 46  4.000  1  0.68904341    -0.00591289      55.755     0.012     0.006     0.024
   1717  2  3 2017  10 46  5.000  1  0.68904332    -0.00591267      55.726     0.014     0.007     0.027
   1718  2  3 2017  10 46  6.000  1  0.68904324    -0.00591244      55.763     0.011     0.005     0.021
   1719  2  3 2017  10 46  7.000  1  0.68904315    -0.00591222      55.765     0.011     0.005     0.021
   1720  2  3 2017  10 46  8.000  1  0.68904306    -0.00591200      55.699     0.014     0.007     0.027
   1721  2  3 2017  10 46  9.000  1  0.68904298    -0.00591177      55.703     0.014     0.007     0.027
   1722  2  3 2017  10 46 10.000  1  0.68904289    -0.00591156      55.747     0.013     0.006     0.025
   1723  2  3 2017  10 46 11.000  1  0.68904282    -0.00591138      55.732     0.012     0.006     0.024
   1724  2  3 2017  10 46 12.000  1  0.68904276    -0.00591121      55.776     0.013     0.006     0.025
   1725  2  3 2017  10 46 13.000  1  0.68904271    -0.00591108      55.719     0.016     0.008     0.031
   1726  2  3 2017  10 46 14.000  1  0.68904270    -0.00591105      55.738     0.013     0.007     0.026
   1727  2  3 2017  10 46 15.000  1  0.68904269    -0.00591104      55.733     0.013     0.006     0.025
   1728  2  3 2017  10 46 16.000  1  0.68904269    -0.00591104      55.739     0.014     0.007     0.027
   1729  2  3 2017  10 46 17.000  1  0.68904269    -0.00591104      55.741     0.013     0.006     0.025
   1730  2  3 2017  10 46 18.000  1  0.68904269    -0.00591104      55.752     0.013     0.007     0.026
   1731  2  3 2017  10 46 19.000  1  0.68904269    -0.00591104      55.733     0.012     0.006     0.023
   1732  2  3 2017  10 46 20.000  1  0.68904269    -0.00591104      55.750     0.011     0.005     0.021
   1733  2  3 2017  10 46 21.000  1  0.68904269    -0.00591104      55.744     0.011     0.006     0.022
   1734  2  3 2017  10 46 22.000  1  0.68904269    -0.00591104      55.737     0.011     0.006     0.022
   1735  2  3 2017  10 46 23.000  1  0.68904269    -0.00591104      55.741     0.010     0.005     0.019
   1736  2  3 2017  10 46 24.000  1  0.68904269    -0.00591104      55.733     0.010     0.005     0.020
   1737  2  3 2017  10 46 25.000  1  0.68904269    -0.00591104      55.743     0.010     0.005     0.020
   1738  2  3 2017  10 46 26.000  1  0.68904269    -0.00591104      55.731     0.011     0.006     0.022
   1739  2  3 2017  10 46 27.000  1  0.68904269    -0.00591104      55.737     0.011     0.006     0.022
   1740  2  3 2017  10 46 28.000  1  0.68904269    -0.00591104      55.743     0.011     0.005     0.021
   1741  2  3 2017  10 46 29.000  1  0.68904269    -0.00591104      55.736     0.011     0.005     0.021
   1742  2  3 2017  10 46 30.000  1  0.68904266    -0.00591094      55.731     0.012     0.006     0.023
   1743  2  3 2017  10 46 31.000  1  0.68904259    -0.00591078      55.680     0.015     0.007     0.029
   1744  2  3 2017  10 46 32.000  1  0.68904251    -0.00591057      55.729     0.016     0.008     0.032
   1745  2  3 2017  10 46 33.000  1  0.68904241    -0.00591031      55.777     0.017     0.008     0.032
   1746  2  3 2017  10 46 34.000  1  0.68904229    -0.00591004      55.739     0.018     0.009     0.034
   1747  2  3 2017  10 46 35.000  1  0.68904219    -0.00590976      55.732     0.020     0.010     0.039
   1748  2  3 2017  10 46 36.000  1  0.68904208    -0.00590949      55.750     0.020     0.010     0.039
   1749  2  3 2017  10 46 37.000  1  0.68904198    -0.00590923      55.727     0.020     0.010     0.039
   1750  2  3 2017  10 46 38.000  1  0.68904189    -0.00590900      55.728     0.018     0.009     0.035
   1751  2  3 2017  10 46 39.000  1  0.68904180    -0.00590876      55.718     0.015     0.008     0.029
   1752  2  3 2017  10 46 40.000  1  0.68904172    -0.00590854      55.721     0.014     0.007     0.027
   1753  2  3 2017  10 46 41.000  1  0.68904166    -0.00590834      55.752     0.011     0.005     0.021
   1754  2  3 2017  10 46 42.000  1  0.68904162    -0.00590820      55.764     0.013     0.007     0.025
   1755  2  3 2017  10 46 43.000  1  0.68904161    -0.00590816      55.747     0.012     0.006     0.023
   1756  2  3 2017  10 46 44.000  1  0.68904161    -0.00590816      55.728     0.018     0.009     0.034
   1757  2  3 2017  10 46 45.000  1  0.68904160    -0.00590816      55.725     0.021     0.010     0.041
   1758  2  3 2017  10 46 46.000  1  0.68904160    -0.00590813      55.707     0.023     0.011     0.045
   1759  2  3 2017  10 46 47.000  1  0.68904162    -0.00590815      55.752     0.017     0.008     0.034
   1760  2  3 2017  10 46 48.000  1  0.68904168    -0.00590814      55.728     0.013     0.006     0.025
   1761  2  3 2017  10 46 49.000  1  0.68904176    -0.00590807      55.776     0.013     0.007     0.026
   1762  2  3 2017  10 46 50.000  1  0.68904188    -0.00590797      55.698     0.016     0.008     0.030
   1763  2  3 2017  10 46 51.000  1  0.68904204    -0.00590783      55.695     0.015     0.007     0.028
   1764  2  3 2017  10 46 52.000  1  0.68904223    -0.00590768      55.747     0.015     0.007     0.029
   1765  2  3 2017  10 46 53.000  1  0.68904242    -0.00590752      55.643     0.014     0.007     0.027
   1766  2  3 2017  10 46 54.000  1  0.68904260    -0.00590736      55.606     0.015     0.007     0.028
   1767  2  3 2017  10 46 55.000  1  0.68904278    -0.00590720      55.604     0.013     0.007     0.026
   1768  2  3 2017  10 46 56.000  1  0.68904296    -0.00590704      55.552     0.013     0.007     0.026
   1769  2  3 2017  10 46 57.000  1  0.68904312    -0.00590688      55.560     0.014     0.007     0.027
   1770  2  3 2017  10 46 58.000  1  0.68904322    -0.00590674      55.584     0.013     0.006     0.025
   1771  2  3 2017  10 46 59.000  1  0.68904338    -0.00590659      55.727     0.013     0.007     0.025
   1772  2  3 2017  10 47  0.000  1  0.68904353    -0.00590642      55.743     0.013     0.007     0.026
   1773  2  3 2017  10 47  1.000  1  0.68904370    -0.00590624      55.769     0.014     0.007     0.028
   1774  2  3 2017  10 47  2.000  1  0.68904390    -0.00590605      55.780     0.014     0.007     0.027
   1775  2  3 2017  10 47  3.000  1  0.68904408    -0.00590583      55.797     0.015     0.008     0.029
   1776  2  3 2017  10 47  4.000  1  0.68904426    -0.00590563      55.779     0.014     0.007     0.028
   1777  2  3 2017  10 47  5.000  1  0.68904444    -0.00590542      55.797     0.013     0.006     0.025
   1778  2  3 2017  10 47  6.000  1  0.68904461    -0.00590521      55.841     0.013     0.006     0.024
   1779  2  3 2017  10 47  7.000  1  0.68904479    -0.00590500      55.805     0.013     0.007     0.025
   1780  2  3 2017  10 47  8.000  1  0.68904496    -0.00590478      55.807     0.013     0.007     0.026
   1781  2  3 2017  10 47  9.000  1  0.68904514    -0.00590456      55.811     0.013     0.007     0.026
   1782  2  3 2017  10 47 10.000  1  0.68904532    -0.00590433      55.798     0.013     0.007     0.025
   1783  2  3 2017  10 47 11.000  1  0.68904549    -0.00590409      55.839     0.013     0.006     0.024
   1784  2  3 2017  10 47 12.000  1  0.68904567    -0.00590388      55.843     0.013     0.007     0.025
   1785  2  3 2017  10 47 13.000  1  0.68904582    -0.00590364      55.770     0.015     0.008     0.029
   1786  2  3 2017  10 47 14.000  1  0.68904601    -0.00590342      55.753     0.015     0.007     0.028
   1787  2  3 2017  10 47 15.000  1  0.68904618    -0.00590320      55.752     0.014     0.007     0.027
   1788  2  3 2017  10 47 16.000  1  0.68904635    -0.00590299      55.758     0.013     0.007     0.025
   1789  2  3 2017  10 47 17.000  1  0.68904652    -0.00590277      55.719     0.013     0.006     0.024
   1790  2  3 2017  10 47 18.000  1  0.68904668    -0.00590255      55.731     0.013     0.007     0.026
   1791  2  3 2017  10 47 19.000  1  0.68904685    -0.00590235      55.691     0.013     0.007     0.025
   1792  2  3 2017  10 47 20.000  1  0.68904701    -0.00590213      55.767     0.012     0.006     0.024
   1793  2  3 2017  10 47 21.000  1  0.68904717    -0.00590194      55.720     0.007     0.005     0.014
   1794  2  3 2017  10 47 22.000  1  0.68904733    -0.00590174      55.717     0.007     0.005     0.014
   1795  2  3 2017  10 47 23.000  1  0.68904748    -0.00590154      55.695     0.008     0.005     0.015
   1796  2  3 2017  10 47 24.000  1  0.68904765    -0.00590134      55.694     0.008     0.006     0.015
   1797  2  3 2017  10 47 25.000  1  0.68904782    -0.00590113      55.684     0.008     0.006     0.016
   1798  2  3 2017  10 47 26.000  1  0.68904798    -0.00590092      55.697     0.010     0.007     0.020
   1799  2  3 2017  10 47 27.000  1  0.68904814    -0.00590072      55.688     0.010     0.007     0.020
   1800  2  3 2017  10 47 28.000  1  0.68904829    -0.00590056      55.689     0.009     0.006     0.017
   1801  2  3 2017  10 47 29.000  1  0.68904843    -0.00590042      55.690     0.008     0.005     0.015
   1802  2  3 2017  10 47 30.000  1  0.68904857    -0.00590030      55.656     0.011     0.008     0.022
   1803  2  3 2017  10 47 31.000  1  0.68904869    -0.00590019      55.638     0.009     0.007     0.018
   1804  2  3 2017  10 47 32.000  1  0.68904878    -0.00590012      55.535     0.009     0.006     0.017
   1805  2  3 2017  10 47 33.000  1  0.68904885    -0.00590003      55.518     0.011     0.008     0.022
   1806  2  3 2017  10 47 34.000  1  0.68904888    -0.00590000      55.517     0.011     0.008     0.021
   1807  2  3 2017  10 47 35.000  1  0.68904888    -0.00590000      55.515     0.013     0.009     0.025
   1808  2  3 2017  10 47 36.000  1  0.68904889    -0.00590000      55.518     0.012     0.008     0.023
   1809  2  3 2017  10 47 37.000  1  0.68904888    -0.00590000      55.527     0.013     0.009     0.026
   1810  2  3 2017  10 47 38.000  1  0.68904888    -0.00590000      55.521     0.013     0.009     0.024
   1811  2  3 2017  10 47 39.000  1  0.68904888    -0.00590000      55.522     0.012     0.008     0.023
   1812  2  3 2017  10 47 40.000  1  0.68904888    -0.00590000      55.517     0.011     0.008     0.022
   1813  2  3 2017  10 47 41.000  1  0.68904888    -0.00590000      55.511     0.010     0.007     0.020
   1814  2  3 2017  10 47 42.000  1  0.68904888    -0.00590000      55.509     0.012     0.009     0.024
   1815  2  3 2017  10 47 43.000  1  0.68904888    -0.00590000      55.513     0.011     0.008     0.021
   1816  2  3 2017  10 47 44.000  1  0.68904888    -0.00590000      55.511     0.012     0.008     0.022
   1817  2  3 2017  10 47 45.000  1  0.68904888    -0.00590000      55.514     0.013     0.009     0.025
   1818  2  3 2017  10 47 46.000  1  0.68904888    -0.00590000      55.514     0.013     0.009     0.024
   1819  2  3 2017  10 47 47.000  1  0.68904888    -0.00590000      55.506     0.011     0.008     0.022
   1820  2  3 2017  10 47 48.000  1  0.68904888    -0.00590000      55.508     0.013     0.009     0.026
   1821  2  3 2017  10 47 49.000  1  0.68904888    -0.00590000      55.509     0.012     0.008     0.022
   1822  2  3 2017  10 47 50.000  1  0.68904888    -0.00590000      55.515     0.014     0.010     0.026
   1823  2  3 2017  10 47 51.000  1  0.68904888    -0.00590000      55.520     0.012     0.008     0.023
   1824  2  3 2017  10 47 52.000  1  0.68904888    -0.00590000      55.515     0.012     0.008     0.023
   1825  2  3 2017  10 47 53.000  1  0.68904888    -0.00590000      55.514     0.013     0.009     0.025
   1826  2  3 2017  10 47 54.000  1  0.68904888    -0.00590000      55.511     0.012     0.008     0.023
   1827  2  3 2017  10 47 55.000  1  0.68904888    -0.00590000      55.515     0.012     0.008     0.023
   1828  2  3 2017  10 47 56.000  1  0.68904888    -0.00590000      55.511     0.013     0.009     0.024
   1829  2  3 2017  10 47 57.000  1  0.68904888    -0.00590000      55.517     0.011     0.008     0.021
   1830  2  3 2017  10 47 58.000  1  0.68904888    -0.00590000      55.515     0.012     0.008     0.023
   1831  2  3 2017  10 47 59.000  1  0.68904888    -0.00590000      55.518     0.013     0.009     0.025
   1832  2  3 2017  10 47 60.000  1  0.68904888    -0.00590000      55.520     0.013     0.009     0.025
   1833  2  3 2017  10 48  1.000  1  0.68904888    -0.00590000      55.522     0.014     0.010     0.026
   1834  2  3 2017  10 48  2.000  1  0.68904888    -0.00590000      55.517     0.013     0.009     0.024
   1835  2  3 2017  10 48  3.000  1  0.68904888    -0.00590000      55.511     0.013     0.009     0.025
   1836  2  3 2017  10 48  4.000  1  0.68904888    -0.00590000      55.511     0.013     0.009     0.026
   1837  2  3 2017  10 48  5.000  1  0.68904888    -0.00590000      55.512     0.013     0.009     0.024
   1838  2  3 2017  10 48  6.000  1  0.68904888    -0.00590000      55.515     0.013     0.009     0.026
   1839  2  3 2017  10 48  7.000  1  0.68904888    -0.00590000      55.522     0.013     0.009     0.025
   1840  2  3 2017  10 48  8.000  1  0.68904888    -0.00590000      55.520     0.014     0.010     0.027
   1841  2  3 2017  10 48  9.000  1  0.68904888    -0.00590000      55.522     0.013     0.009     0.024
   1842  2  3 2017  10 48 10.000  1  0.68904888    -0.00590000      55.519     0.012     0.009     0.024
   1843  2  3 2017  10 48 11.000  1  0.68904888    -0.00590000      55.522     0.012     0.008     0.023
   1844  2  3 2017  10 48 12.000  1  0.68904888    -0.00590000      55.519     0.012     0.008     0.023
   1845  2  3 2017  10 48 13.000  1  0.68904888    -0.00590000      55.527     0.013     0.009     0.025
   1846  2  3 2017  10 48 14.000  1  0.68904888    -0.00590000      55.517     0.012     0.008     0.023
   1847  2  3 2017  10 48 15.000  1  0.68904888    -0.00590000      55.521     0.013     0.009     0.025
   1848  2  3 2017  10 48 16.000  1  0.68904888    -0.00590000      55.523     0.014     0.010     0.028
   1849  2  3 2017  10 48 17.000  1  0.68904888    -0.00590000      55.528     0.014     0.010     0.027
   1850  2  3 2017  10 48 18.000  1  0.68904888    -0.00590000      55.525     0.013     0.009     0.026
   1851  2  3 2017  10 48 19.000  1  0.68904888    -0.00590000      55.522     0.012     0.008     0.022
   1852  2  3 2017  10 48 20.000  1  0.68904888    -0.00590000      55.527     0.014     0.009     0.026
   1853  2  3 2017  10 48 21.000  1  0.68904888    -0.00590000      55.525     0.014     0.010     0.027
   1854  2  3 2017  10 48 22.000  1  0.68904888    -0.00590000      55.521     0.013     0.009     0.025
   1855  2  3 2017  10 48 23.000  1  0.68904888    -0.00590000      55.513     0.013     0.009     0.024
   1856  2  3 2017  10 48 24.000  1  0.68904888    -0.00590000      55.521     0.014     0.010     0.027
   1857  2  3 2017  10 48 25.000  1  0.68904888    -0.00590000      55.525     0.013     0.009     0.026
   1858  2  3 2017  10 48 26.000  1  0.68904888    -0.00590000      55.521     0.014     0.010     0.027
   1859  2  3 2017  10 48 27.000  1  0.68904888    -0.00590000      55.523     0.015     0.010     0.028
   1860  2  3 2017  10 48 28.000  1  0.68904888    -0.00590000      55.518     0.014     0.010     0.027
   1861  2  3 2017  10 48 29.000  1  0.68904888    -0.00590000      55.522     0.015     0.010     0.028
   1862  2  3 2017  10 48 30.000  1  0.68904888    -0.00590000      55.526     0.014     0.009     0.026
   1863  2  3 2017  10 48 31.000  1  0.68904888    -0.00590000      55.525     0.012     0.009     0.024
   1864  2  3 2017  10 48 32.000  1  0.68904888    -0.00590000      55.531     0.014     0.010     0.026
   1865  2  3 2017  10 48 33.000  1  0.68904888    -0.00590000      55.524     0.014     0.009     0.026
   1866  2  3 2017  10 48 34.000  1  0.68904888    -0.00590000      55.515     0.012     0.008     0.022
   1867  2  3 2017  10 48 35.000  1  0.68904888    -0.00590000      55.520     0.013     0.009     0.024
   1868  2  3 2017  10 48 36.000  1  0.68904888    -0.00590000      55.524     0.013     0.009     0.025
   1869  2  3 2017  10 48 37.000  1  0.68904888    -0.00590000      55.525     0.014     0.010     0.028
   1870  2  3 2017  10 48 38.000  1  0.68904888    -0.00590000      55.526     0.014     0.010     0.027
   1871  2  3 2017  10 48 39.000  1  0.68904888    -0.00590000      55.518     0.014     0.010     0.026
   1872  2  3 2017  10 48 40.000  1  0.68904888    -0.00590000      55.516     0.013     0.009     0.025
   1873  2  3 2017  10 48 41.000  1  0.68904888    -0.00590000      55.535     0.017     0.012     0.032
   1874  2  3 2017  10 48 42.000  1  0.68904888    -0.00590000      55.526     0.015     0.010     0.029
   1875  2  3 2017  10 48 43.000  1  0.68904888    -0.00590000      55.523     0.013     0.009     0.026
   1876  2  3 2017  10 48 44.000  1  0.68904888    -0.00590000      55.523     0.014     0.010     0.026
   1877  2  3 2017  10 48 45.000  1  0.68904888    -0.00590000      55.523     0.015     0.010     0.029
   1878  2  3 2017  10 48 46.000  1  0.68904888    -0.00590000      55.528     0.015     0.010     0.028
   1879  2  3 2017  10 48 47.000  1  0.68904888    -0.00590000      55.521     0.014     0.010     0.027
   1880  2  3 2017  10 48 48.000  1  0.68904888    -0.00590000      55.521     0.014     0.010     0.026
   1881  2  3 2017  10 48 49.000  1  0.68904888    -0.00590000      55.523     0.014     0.010     0.026
   1882  2  3 2017  10 48 50.000  1  0.68904888    -0.00590000      55.519     0.013     0.009     0.026
   1883  2  3 2017  10 48 51.000  1  0.68904888    -0.00590000      55.531     0.016     0.011     0.031
   1884  2  3 2017  10 48 52.000  1  0.68904888    -0.00590000      55.521     0.012     0.008     0.023
   1885  2  3 2017  10 48 53.000  1  0.68904888    -0.00590000      55.529     0.014     0.010     0.027
   1886  2  3 2017  10 48 54.000  1  0.68904888    -0.00590000      55.527     0.014     0.010     0.027
   1887  2  3 2017  10 48 55.000  1  0.68904888    -0.00590000      55.525     0.014     0.010     0.027
   1888  2  3 2017  10 48 56.000  1  0.68904888    -0.00590000      55.535     0.017     0.012     0.033
   1889  2  3 2017  10 48 57.000  1  0.68904888    -0.00590000      55.534     0.017     0.012     0.033
   1890  2  3 2017  10 48 58.000  1  0.68904888    -0.00590000      55.512     0.014     0.009     0.025
   1891  2  3 2017  10 48 59.000  1  0.68904888    -0.00590000      55.512     0.013     0.008     0.024
   1892  2  3 2017  10 49  0.000  1  0.68904888    -0.00590000      55.515     0.014     0.009     0.024
   1893  2  3 2017  10 49  1.000  1  0.68904888    -0.00590000      55.517     0.013     0.009     0.024
   1894  2  3 2017  10 49  2.000  1  0.68904888    -0.00590000      55.521     0.013     0.008     0.023
   1895  2  3 2017  10 49  3.000  1  0.68904888    -0.00590000      55.517     0.013     0.008     0.023
   1896  2  3 2017  10 49  4.000  1  0.68904888    -0.00590000      55.514     0.014     0.009     0.025
   1897  2  3 2017  10 49  5.000  1  0.68904888    -0.00589999      55.499     0.011     0.006     0.018
   1898  2  3 2017  10 49  6.000  1  0.68904888    -0.00590000      55.499     0.011     0.006     0.018
   1899  2  3 2017  10 49  7.000  1  0.68904888    -0.00589999      55.504     0.011     0.006     0.018
   1900  2  3 2017  10 49  8.000  1  0.68904888    -0.00590000      55.502     0.011     0.006     0.018
   1901  2  3 2017  10 49  9.000  1  0.68904888    -0.00589999      55.493     0.010     0.005     0.016
   1902  2  3 2017  10 49 10.000  1  0.68904888    -0.00590000      55.499     0.011     0.006     0.018
   1903  2  3 2017  10 49 11.000  1  0.68904888    -0.00590000      55.510     0.012     0.007     0.019
   1904  2  3 2017  10 49 12.000  1  0.68904888    -0.00590000      55.509     0.013     0.007     0.020
   1905  2  3 2017  10 49 13.000  1  0.68904888    -0.00589999      55.511     0.012     0.007     0.020
   1906  2  3 2017  10 49 14.000  1  0.68904888    -0.00590000      55.508     0.011     0.006     0.018
   1907  2  3 2017  10 49 15.000  1  0.68904888    -0.00590000      55.500     0.010     0.006     0.016
   1908  2  3 2017  10 49 16.000  1  0.68904888    -0.00590000      55.503     0.010     0.005     0.016
   1909  2  3 2017  10 49 17.000  1  0.68904888    -0.00590000      55.504     0.011     0.006     0.017
   1910  2  3 2017  10 49 18.000  1  0.68904888    -0.00590000      55.505     0.009     0.005     0.014
   1911  2  3 2017  10 49 19.000  1  0.68904888    -0.00590000      55.500     0.008     0.005     0.014
   1912  2  3 2017  10 49 20.000  1  0.68904888    -0.00590000      55.500     0.009     0.005     0.014
   1913  2  3 2017  10 49 21.000  1  0.68904888    -0.00590000      55.503     0.009     0.005     0.014
   1914  2  3 2017  10 49 22.000  1  0.68904888    -0.00590000      55.503     0.009     0.005     0.015
   1915  2  3 2017  10 49 23.000  1  0.68904888    -0.00590000      55.496     0.010     0.005     0.016
   1916  2  3 2017  10 49 24.000  1  0.68904888    -0.00590000      55.500     0.009     0.005     0.014
   1917  2  3 2017  10 49 25.000  1  0.68904888    -0.00590000      55.496     0.010     0.006     0.017
   1918  2  3 2017  10 49 26.000  1  0.68904888    -0.00590000      55.502     0.010     0.006     0.016
   1919  2  3 2017  10 49 27.000  1  0.68904888    -0.00590000      55.502     0.010     0.005     0.016
   1920  2  3 2017  10 49 28.000  1  0.68904888    -0.00590000      55.497     0.010     0.005     0.016
   1921  2  3 2017  10 49 29.000  1  0.68904888    -0.00590000      55.502     0.010     0.005     0.016
   1922  2  3 2017  10 49 30.000  1  0.68904888    -0.00590000      55.504     0.010     0.005     0.016
   1923  2  3 2017  10 49 31.000  1  0.68904888    -0.00590000      55.504     0.010     0.005     0.016
   1924  2  3 2017  10 49 32.000  1  0.68904888    -0.00590000      55.501     0.009     0.005     0.015
   1925  2  3 2017  10 49 33.000  1  0.68904888    -0.00590000      55.506     0.011     0.006     0.017
   1926  2  3 2017  10 49 34.000  1  0.68904888    -0.00590000      55.502     0.011     0.006     0.017
   1927  2  3 2017  10 49 35.000  1  0.68904888    -0.00590000      55.501     0.011     0.006     0.017
   1928  2  3 2017  10 49 36.000  1  0.68904888    -0.00590000      55.491     0.011     0.006     0.017
   1929  2  3 2017  10 49 37.000  1  0.68904888    -0.00590000      55.503     0.011     0.006     0.017
   1930  2  3 2017  10 49 38.000  1  0.68904888    -0.00590000      55.500     0.011     0.006     0.017
   1931  2  3 2017  10 49 39.000  1  0.68904888    -0.00590000      55.498     0.011     0.006     0.017
   1932  2  3 2017  10 49 40.000  1  0.68904888    -0.00590000      55.495     0.010     0.006     0.016
   1933  2  3 2017  10 49 41.000  1  0.68904888    -0.00590000      55.492     0.010     0.005     0.015
   1934  2  3 2017  10 49 42.000  1  0.68904888    -0.00590000      55.491     0.010     0.005     0.016
   1935  2  3 2017  10 49 43.000  1  0.68904888    -0.00590000      55.502     0.010     0.006     0.016
   1936  2  3 2017  10 49 44.000  1  0.68904888    -0.00590000      55.502     0.011     0.006     0.018
