    842  2  3 2017  10 31 30.000  1  0.68904888    -0.00590000      55.478     0.008     0.006     0.019
    843  2  3 2017  10 31 31.000  1  0.68904888    -0.00590000      55.486     0.007     0.006     0.018
    844  2  3 2017  10 31 32.000  1  0.68904888    -0.00590000      55.478     0.008     0.006     0.020
    845  2  3 2017  10 31 33.000  1  0.68904888    -0.00590000      55.481     0.008     0.006     0.020
    846  2  3 2017  10 31 34.000  1  0.68904888    -0.00590000      55.483     0.009     0.007     0.021
    847  2  3 2017  10 31 35.000  1  0.68904888    -0.00590000      55.477     0.008     0.006     0.019
    848  2  3 2017  10 31 36.000  1  0.68904888    -0.00590000      55.482     0.008     0.007     0.020
    849  2  3 2017  10 31 37.000  1  0.68904888    -0.00590000      55.481     0.008     0.006     0.020
    850  2  3 2017  10 31 38.000  1  0.68904888    -0.00590000      55.483     0.008     0.007     0.020
    851  2  3 2017  10 31 39.000  1  0.68904888    -0.00590000      55.480     0.008     0.006     0.019
    852  2  3 2017  10 31 40.000  1  0.68904888    -0.00590000      55.478     0.008     0.007     0.020
    853  2  3 2017  10 31 41.000  1  0.68904888    -0.00590000      55.483     0.008     0.007     0.020
    854  2  3 2017  10 31 42.000  1  0.68904888    -0.00590000      55.481     0.008     0.006     0.019
    855  2  3 2017  10 31 43.000  1  0.68904888    -0.00590000      55.474     0.007     0.006     0.019
    856  2  3 2017  10 31 44.000  1  0.68904888    -0.00590000      55.485     0.007     0.006     0.018
    857  2  3 2017  10 31 45.000  1  0.68904888    -0.00590000      55.476     0.008     0.006     0.019
    858  2  3 2017  10 31 46.000  1  0.68904888    -0.00590000      55.478     0.007     0.006     0.018
    859  2  3 2017  10 31 47.000  1  0.68904888    -0.00590000      55.480     0.008     0.006     0.019
    860  2  3 2017  10 31 48.000  1  0.68904888    -0.00590000      55.481     0.008     0.006     0.019
    861  2  3 2017  10 31 49.000  1  0.68904888    -0.00590000      55.488     0.008     0.006     0.019
    862  2  3 2017  10 31 50.000  1  0.68904888    -0.00590000      55.482     0.007     0.006     0.018
    863  2  3 2017  10 31 51.000  1  0.68904888    -0.00590000      55.480     0.008     0.006     0.019
    864  2  3 2017  10 31 52.000  1  0.68904888    -0.00590000      55.478     0.007     0.006     0.018
    865  2  3 2017  10 31 53.000  1  0.68904888    -0.00590000      55.478     0.008     0.006     0.019
    866  2  3 2017  10 31 54.000  1  0.68904888    -0.00590000      55.470     0.008     0.007     0.020
    867  2  3 2017  10 31 55.000  1  0.68904888    -0.00590000      55.478     0.008     0.006     0.019
    868  2  3 2017  10 31 56.000  1  0.68904888    -0.00590000      55.482     0.008     0.007     0.020
    869  2  3 2017  10 31 57.000  1  0.68904888    -0.00590000      55.477     0.008     0.007     0.021
    870  2  3 2017  10 31 58.000  1  0.68904888    -0.00590000      55.469     0.008     0.007     0.020
    871  2  3 2017  10 31 59.000  1  0.68904888    -0.00590000      55.484     0.008     0.006     0.019
    872  2  3 2017  10 32  0.000  1  0.68904888    -0.00590000      55.475     0.008     0.006     0.019
    873  2  3 2017  10 32  1.000  1  0.68904888    -0.00590000      55.481     0.008     0.006     0.019
    874  2  3 2017  10 32  2.000  1  0.68904888    -0.00590000      55.485     0.007     0.006     0.018
    875  2  3 2017  10 32  3.000  1  0.68904888    -0.00590000      55.484     0.007     0.006     0.018
    876  2  3 2017  10 32  4.000  1  0.68904888    -0.00590000      55.478     0.007     0.006     0.017
    877  2  3 2017  10 32  5.000  1  0.68904888    -0.00590000      55.486     0.006     0.005     0.016
    878  2  3 2017  10 32  6.000  1  0.68904888    -0.00590000      55.480     0.007     0.005     0.016
    879  2  3 2017  10 32  7.000  1  0.68904888    -0.00590000      55.478     0.006     0.005     0.016
    880  2  3 2017  10 32  8.000  1  0.68904888    -0.00590000      55.484     0.007     0.006     0.017
    881  2  3 2017  10 32  9.000  1  0.68904888    -0.00590000      55.481     0.007     0.006     0.017
    882  2  3 2017  10 32 10.000  1  0.68904889    -0.00590003      55.486     0.007     0.006     0.017
    883  2  3 2017  10 32 11.000  1  0.68904898    -0.00590027      55.481     0.006     0.005     0.015
    884  2  3 2017  10 32 12.000  1  0.68904910    -0.00590062      55.504     0.007     0.005     0.017
    885  2  3 2017  10 32 13.000  1  0.68904924    -0.00590101      55.480     0.007     0.006     0.017
    886  2  3 2017  10 32 14.000  1  0.68904937    -0.00590138      55.512     0.006     0.005     0.016
    887  2  3 2017  10 32 15.000  1  0.68904946    -0.00590167      55.511     0.005     0.004     0.014
    888  2  3 2017  10 32 16.000  1  0.68904948    -0.00590177      55.526     0.007     0.006     0.019
    889  2  3 2017  10 32 17.000  1  0.68904948    -0.00590177      55.516     0.008     0.007     0.022
    890  2  3 2017  10 32 18.000  1  0.68904949    -0.00590177      55.520     0.008     0.007     0.023
    891  2  3 2017  10 32 19.000  1  0.68904949    -0.00590177      55.512     0.009     0.008     0.025
    892  2  3 2017  10 32 20.000  1  0.68904948    -0.00590177      55.510     0.009     0.007     0.024
    893  2  3 2017  10 32 21.000  1  0.68904948    -0.00590177      55.505     0.009     0.008     0.025
    894  2  3 2017  10 32 22.000  1  0.68904951    -0.00590186      55.539     0.009     0.007     0.023
    895  2  3 2017  10 32 23.000  1  0.68904962    -0.00590222      55.537     0.007     0.006     0.020
    896  2  3 2017  10 32 24.000  1  0.68904977    -0.00590265      55.538     0.007     0.005     0.016
    897  2  3 2017  10 32 25.000  1  0.68904992    -0.00590306      55.585     0.011     0.009     0.028
    898  2  3 2017  10 32 26.000  1  0.68905003    -0.00590339      55.562     0.007     0.006     0.018
    899  2  3 2017  10 32 27.000  1  0.68905010    -0.00590358      55.535     0.016     0.013     0.039
    900  2  3 2017  10 32 28.000  1  0.68905010    -0.00590359      55.527     0.013     0.010     0.031
    901  2  3 2017  10 32 29.000  1  0.68905010    -0.00590359      55.526     0.014     0.011     0.034
    902  2  3 2017  10 32 30.000  1  0.68905010    -0.00590359      55.524     0.013     0.011     0.032
    903  2  3 2017  10 32 31.000  1  0.68905010    -0.00590359      55.526     0.013     0.011     0.032
    904  2  3 2017  10 32 32.000  1  0.68905016    -0.00590376      55.561     0.006     0.005     0.014
    905  2  3 2017  10 32 33.000  1  0.68905030    -0.00590415      55.591     0.005     0.004     0.013
    906  2  3 2017  10 32 34.000  1  0.68905043    -0.00590455      55.618     0.006     0.005     0.014
    907  2  3 2017  10 32 35.000  1  0.68905057    -0.00590495      55.633     0.007     0.006     0.017
    908  2  3 2017  10 32 36.000  1  0.68905067    -0.00590526      55.609     0.006     0.005     0.014
    909  2  3 2017  10 32 37.000  1  0.68905073    -0.00590542      55.622     0.007     0.006     0.017
    910  2  3 2017  10 32 38.000  1  0.68905074    -0.00590543      55.638     0.007     0.005     0.017
    911  2  3 2017  10 32 39.000  1  0.68905074    -0.00590544      55.627     0.006     0.005     0.015
    912  2  3 2017  10 32 40.000  1  0.68905074    -0.00590544      55.631     0.006     0.004     0.013
    913  2  3 2017  10 32 41.000  1  0.68905074    -0.00590544      55.630     0.006     0.005     0.016
    914  2  3 2017  10 32 42.000  1  0.68905074    -0.00590544      55.636     0.006     0.005     0.015
    915  2  3 2017  10 32 43.000  1  0.68905085    -0.00590574      55.638     0.010     0.008     0.024
    916  2  3 2017  10 32 44.000  1  0.68905100    -0.00590617      55.638     0.007     0.006     0.018
    917  2  3 2017  10 32 45.000  1  0.68905115    -0.00590659      55.629     0.006     0.005     0.015
    918  2  3 2017  10 32 46.000  1  0.68905127    -0.00590694      55.646     0.007     0.006     0.017
    919  2  3 2017  10 32 47.000  1  0.68905135    -0.00590718      55.606     0.006     0.005     0.015
    920  2  3 2017  10 32 48.000  1  0.68905137    -0.00590726      55.618     0.006     0.005     0.015
    921  2  3 2017  10 32 49.000  1  0.68905137    -0.00590726      55.615     0.007     0.005     0.016
    922  2  3 2017  10 32 50.000  1  0.68905137    -0.00590726      55.621     0.007     0.005     0.016
    923  2  3 2017  10 32 51.000  1  0.68905137    -0.00590726      55.618     0.007     0.006     0.017
    924  2  3 2017  10 32 52.000  1  0.68905137    -0.00590726      55.620     0.007     0.006     0.017
    925  2  3 2017  10 32 53.000  1  0.68905137    -0.00590726      55.623     0.007     0.006     0.018
    926  2  3 2017  10 32 54.000  1  0.68905137    -0.00590726      55.624     0.007     0.006     0.018
    927  2  3 2017  10 32 55.000  1  0.68905137    -0.00590726      55.623     0.008     0.006     0.018
    928  2  3 2017  10 32 56.000  1  0.68905145    -0.00590750      55.640     0.007     0.006     0.017
    929  2  3 2017  10 32 57.000  1  0.68905157    -0.00590789      55.619     0.007     0.006     0.018
    930  2  3 2017  10 32 58.000  1  0.68905170    -0.00590827      55.618     0.009     0.007     0.021
    931  2  3 2017  10 32 59.000  1  0.68905182    -0.00590862      55.694     0.009     0.007     0.021
    932  2  3 2017  10 33  0.000  1  0.68905191    -0.00590889      55.657     0.005     0.004     0.013
    933  2  3 2017  10 33  1.000  1  0.68905198    -0.00590906      55.651     0.005     0.004     0.014
    934  2  3 2017  10 33  2.000  1  0.68905199    -0.00590909      55.648     0.006     0.005     0.015
    935  2  3 2017  10 33  3.000  1  0.68905199    -0.00590909      55.637     0.005     0.004     0.014
    936  2  3 2017  10 33  4.000  1  0.68905199    -0.00590909      55.635     0.006     0.005     0.016
    937  2  3 2017  10 33  5.000  1  0.68905199    -0.00590909      55.635     0.006     0.005     0.017
    938  2  3 2017  10 33  6.000  1  0.68905199    -0.00590909      55.638     0.007     0.005     0.018
    939  2  3 2017  10 33  7.000  1  0.68905199    -0.00590909      55.635     0.006     0.005     0.017
    940  2  3 2017  10 33  8.000  1  0.68905201    -0.00590914      55.626     0.007     0.006     0.018
    941  2  3 2017  10 33  9.000  1  0.68905214    -0.00590951      55.647     0.009     0.007     0.024
    942  2  3 2017  10 33 10.000  1  0.68905228    -0.00590993      55.633     0.007     0.006     0.019
    943  2  3 2017  10 33 11.000  1  0.68905240    -0.00591031      55.658     0.006     0.005     0.017
    944  2  3 2017  10 33 12.000  1  0.68905251    -0.00591062      55.622     0.005     0.004     0.013
    945  2  3 2017  10 33 13.000  1  0.68905258    -0.00591084      55.678     0.008     0.007     0.023
    946  2  3 2017  10 33 14.000  1  0.68905262    -0.00591091      55.677     0.006     0.005     0.016
    947  2  3 2017  10 33 15.000  1  0.68905262    -0.00591092      55.663     0.007     0.006     0.020
    948  2  3 2017  10 33 16.000  1  0.68905262    -0.00591092      55.659     0.008     0.006     0.020
    949  2  3 2017  10 33 17.000  1  0.68905262    -0.00591092      55.654     0.008     0.007     0.023
    950  2  3 2017  10 33 18.000  1  0.68905262    -0.00591092      55.655     0.009     0.007     0.024
    951  2  3 2017  10 33 19.000  1  0.68905262    -0.00591092      55.661     0.009     0.007     0.023
    952  2  3 2017  10 33 20.000  1  0.68905270    -0.00591116      55.637     0.007     0.005     0.018
    953  2  3 2017  10 33 21.000  1  0.68905282    -0.00591151      55.612     0.007     0.006     0.018
    954  2  3 2017  10 33 22.000  1  0.68905294    -0.00591187      55.649     0.013     0.006     0.029
    955  2  3 2017  10 33 23.000  1  0.68905306    -0.00591220      55.635     0.013     0.006     0.030
    956  2  3 2017  10 33 24.000  1  0.68905316    -0.00591250      55.650     0.015     0.008     0.026
    957  2  3 2017  10 33 25.000  1  0.68905322    -0.00591270      55.640     0.012     0.007     0.022
    958  2  3 2017  10 33 26.000  1  0.68905324    -0.00591274      55.622     0.008     0.005     0.015
    959  2  3 2017  10 33 27.000  1  0.68905324    -0.00591274      55.640     0.010     0.005     0.017
    960  2  3 2017  10 33 28.000  1  0.68905324    -0.00591274      55.651     0.012     0.006     0.021
    961  2  3 2017  10 33 29.000  1  0.68905324    -0.00591274      55.649     0.012     0.006     0.021
    962  2  3 2017  10 33 30.000  1  0.68905325    -0.00591276      55.652     0.011     0.006     0.021
    963  2  3 2017  10 33 31.000  1  0.68905335    -0.00591310      55.657     0.014     0.008     0.026
    964  2  3 2017  10 33 32.000  1  0.68905349    -0.00591351      55.632     0.011     0.006     0.019
    965  2  3 2017  10 33 33.000  1  0.68905361    -0.00591386      55.609     0.010     0.005     0.018
    966  2  3 2017  10 33 34.000  1  0.68905371    -0.00591418      55.640     0.012     0.007     0.023
    967  2  3 2017  10 33 35.000  1  0.68905381    -0.00591444      55.570     0.010     0.006     0.019
    968  2  3 2017  10 33 36.000  1  0.68905386    -0.00591457      55.597     0.011     0.006     0.021
    969  2  3 2017  10 33 37.000  1  0.68905387    -0.00591458      55.601     0.009     0.005     0.017
    970  2  3 2017  10 33 38.000  1  0.68905387    -0.00591458      55.605     0.009     0.005     0.018
    971  2  3 2017  10 33 39.000  1  0.68905386    -0.00591458      55.604     0.009     0.005     0.018
    972  2  3 2017  10 33 40.000  1  0.68905386    -0.00591458      55.604     0.009     0.005     0.017
    973  2  3 2017  10 33 41.000  1  0.68905387    -0.00591458      55.601     0.010     0.006     0.019
    974  2  3 2017  10 33 42.000  1  0.68905390    -0.00591465      55.627     0.015     0.009     0.031
    975  2  3 2017  10 33 43.000  1  0.68905399    -0.00591493      55.591     0.008     0.004     0.015
    976  2  3 2017  10 33 44.000  1  0.68905410    -0.00591522      55.592     0.013     0.008     0.026
    977  2  3 2017  10 33 45.000  1  0.68905419    -0.00591548      55.538     0.008     0.005     0.017
    978  2  3 2017  10 33 46.000  1  0.68905427    -0.00591572      55.577     0.008     0.004     0.015
    979  2  3 2017  10 33 47.000  1  0.68905435    -0.00591599      55.625     0.009     0.005     0.017
    980  2  3 2017  10 33 48.000  1  0.68905442    -0.00591623      55.603     0.011     0.006     0.022
    981  2  3 2017  10 33 49.000  1  0.68905446    -0.00591649      55.611     0.009     0.005     0.018
    982  2  3 2017  10 33 50.000  1  0.68905443    -0.00591676      55.604     0.009     0.005     0.019
    983  2  3 2017  10 33 51.000  1  0.68905437    -0.00591706      55.614     0.009     0.005     0.018
    984  2  3 2017  10 33 52.000  1  0.68905430    -0.00591736      55.623     0.009     0.005     0.017
    985  2  3 2017  10 33 53.000  1  0.68905423    -0.00591766      55.654     0.009     0.005     0.018
    986  2  3 2017  10 33 54.000  1  0.68905417    -0.00591795      55.694     0.007     0.006     0.017
    987  2  3 2017  10 33 55.000  1  0.68905412    -0.00591825      55.717     0.007     0.006     0.017
    988  2  3 2017  10 33 56.000  1  0.68905407    -0.00591855      55.685     0.006     0.005     0.015
    989  2  3 2017  10 33 57.000  1  0.68905403    -0.00591885      55.712     0.007     0.006     0.017
    990  2  3 2017  10 33 58.000  1  0.68905400    -0.00591914      55.718     0.006     0.005     0.014
    991  2  3 2017  10 33 59.000  1  0.68905399    -0.00591944      55.722     0.006     0.005     0.014
    992  2  3 2017  10 33 60.000  1  0.68905400    -0.00591974      55.736     0.006     0.005     0.014
    993  2  3 2017  10 34  1.000  1  0.68905404    -0.00592005      55.745     0.007     0.006     0.016
    994  2  3 2017  10 34  2.000  1  0.68905410    -0.00592035      55.721     0.005     0.004     0.012
    995  2  3 2017  10 34  3.000  1  0.68905418    -0.00592063      55.757     0.010     0.005     0.019
    996  2  3 2017  10 34  4.000  1  0.68905428    -0.00592089      55.743     0.008     0.005     0.016
    997  2  3 2017  10 34  5.000  1  0.68905439    -0.00592110      55.756     0.011     0.006     0.021
    998  2  3 2017  10 34  6.000  1  0.68905450    -0.00592129      55.690     0.009     0.005     0.017
    999  2  3 2017  10 34  7.000  1  0.68905463    -0.00592144      55.712     0.009     0.005     0.018
   1000  2  3 2017  10 34  8.000  1  0.68905473    -0.00592155      55.698     0.011     0.006     0.027
   1001  2  3 2017  10 34  9.000  1  0.68905483    -0.00592164      55.738     0.012     0.006     0.028
   1002  2  3 2017  10 34 10.000  1  0.68905493    -0.00592172      55.759     0.012     0.006     0.028
   1003  2  3 2017  10 34 11.000  1  0.68905503    -0.00592176      55.727     0.011     0.006     0.028
   1004  2  3 2017  10 34 12.000  1  0.68905518    -0.00592178      55.702     0.008     0.004     0.020
   1005  2  3 2017  10 34 13.000  1  0.68905537    -0.00592176      55.687     0.009     0.005     0.022
   1006  2  3 2017  10 34 14.000  1  0.68905558    -0.00592167      55.670     0.009     0.005     0.023
   1007  2  3 2017  10 34 15.000  1  0.68905576    -0.00592155      55.692     0.009     0.005     0.021
   1008  2  3 2017  10 34 16.000  1  0.68905590    -0.00592138      55.681     0.008     0.005     0.021
   1009  2  3 2017  10 34 17.000  1  0.68905598    -0.00592119      55.690     0.008     0.004     0.018
   1010  2  3 2017  10 34 18.000  1  0.68905606    -0.00592095      55.682     0.008     0.005     0.020
   1011  2  3 2017  10 34 19.000  1  0.68905610    -0.00592067      55.681     0.008     0.005     0.020
   1012  2  3 2017  10 34 20.000  1  0.68905610    -0.00592037      55.693     0.008     0.004     0.019
   1013  2  3 2017  10 34 21.000  1  0.68905604    -0.00592008      55.684     0.008     0.004     0.019
   1014  2  3 2017  10 34 22.000  1  0.68905592    -0.00591980      55.696     0.008     0.004     0.019
   1015  2  3 2017  10 34 23.000  1  0.68905578    -0.00591949      55.689     0.008     0.005     0.020
   1016  2  3 2017  10 34 24.000  1  0.68905563    -0.00591917      55.705     0.006     0.004     0.013
   1017  2  3 2017  10 34 25.000  1  0.68905549    -0.00591885      55.702     0.006     0.004     0.013
   1018  2  3 2017  10 34 26.000  1  0.68905536    -0.00591853      55.693     0.006     0.005     0.014
   1019  2  3 2017  10 34 27.000  1  0.68905524    -0.00591822      55.670     0.006     0.005     0.015
   1020  2  3 2017  10 34 28.000  1  0.68905513    -0.00591791      55.654     0.007     0.005     0.015
   1021  2  3 2017  10 34 29.000  1  0.68905504    -0.00591758      55.640     0.006     0.005     0.015
   1022  2  3 2017  10 34 30.000  1  0.68905496    -0.00591727      55.597     0.007     0.006     0.016
   1023  2  3 2017  10 34 31.000  1  0.68905486    -0.00591698      55.593     0.006     0.005     0.015
   1024  2  3 2017  10 34 32.000  1  0.68905476    -0.00591669      55.595     0.006     0.005     0.014
   1025  2  3 2017  10 34 33.000  1  0.68905465    -0.00591643      55.604     0.006     0.005     0.014
   1026  2  3 2017  10 34 34.000  1  0.68905455    -0.00591620      55.647     0.007     0.006     0.017
   1027  2  3 2017  10 34 35.000  1  0.68905445    -0.00591600      55.650     0.006     0.005     0.015
   1028  2  3 2017  10 34 36.000  1  0.68905434    -0.00591577      55.620     0.007     0.006     0.017
   1029  2  3 2017  10 34 37.000  1  0.68905424    -0.00591555      55.578     0.007     0.006     0.016
   1030  2  3 2017  10 34 38.000  1  0.68905416    -0.00591534      55.565     0.008     0.006     0.019
   1031  2  3 2017  10 34 39.000  1  0.68905407    -0.00591510      55.599     0.006     0.005     0.014
   1032  2  3 2017  10 34 40.000  1  0.68905397    -0.00591485      55.593     0.010     0.008     0.023
   1033  2  3 2017  10 34 41.000  1  0.68905389    -0.00591465      55.627     0.008     0.005     0.020
   1034  2  3 2017  10 34 42.000  1  0.68905385    -0.00591455      55.619     0.010     0.006     0.025
   1035  2  3 2017  10 34 43.000  1  0.68905385    -0.00591454      55.626     0.011     0.006     0.026
   1036  2  3 2017  10 34 44.000  1  0.68905385    -0.00591454      55.615     0.009     0.005     0.022
   1037  2  3 2017  10 34 45.000  1  0.68905385    -0.00591454      55.604     0.010     0.005     0.023
   1038  2  3 2017  10 34 46.000  1  0.68905385    -0.00591454      55.605     0.010     0.006     0.024
   1039  2  3 2017  10 34 47.000  1  0.68905379    -0.00591438      55.611     0.010     0.005     0.024
   1040  2  3 2017  10 34 48.000  1  0.68905365    -0.00591401      55.656     0.010     0.005     0.024
   1041  2  3 2017  10 34 49.000  1  0.68905351    -0.00591360      55.668     0.006     0.004     0.015
   1042  2  3 2017  10 34 50.000  1  0.68905339    -0.00591322      55.671     0.009     0.005     0.023
   1043  2  3 2017  10 34 51.000  1  0.68905330    -0.00591294      55.631     0.008     0.004     0.019
   1044  2  3 2017  10 34 52.000  1  0.68905324    -0.00591276      55.626     0.010     0.006     0.024
   1045  2  3 2017  10 34 53.000  1  0.68905324    -0.00591274      55.653     0.010     0.006     0.025
   1046  2  3 2017  10 34 54.000  1  0.68905324    -0.00591274      55.661     0.012     0.007     0.029
   1047  2  3 2017  10 34 55.000  1  0.68905324    -0.00591274      55.663     0.012     0.007     0.030
   1048  2  3 2017  10 34 56.000  1  0.68905324    -0.00591274      55.665     0.013     0.007     0.030
   1049  2  3 2017  10 34 57.000  1  0.68905323    -0.00591274      55.665     0.013     0.007     0.031
   1050  2  3 2017  10 34 58.000  1  0.68905324    -0.00591274      55.663     0.013     0.007     0.032
   1051  2  3 2017  10 34 59.000  1  0.68905321    -0.00591265      55.718     0.011     0.006     0.027
   1052  2  3 2017  10 35  0.000  1  0.68905307    -0.00591224      55.635     0.011     0.006     0.026
   1053  2  3 2017  10 35  1.000  1  0.68905293    -0.00591183      55.654     0.008     0.005     0.020
   1054  2  3 2017  10 35  2.000  1  0.68905280    -0.00591144      55.617     0.009     0.005     0.022
   1055  2  3 2017  10 35  3.000  1  0.68905269    -0.00591114      55.596     0.015     0.007     0.035
   1056  2  3 2017  10 35  4.000  1  0.68905261    -0.00591093      55.649     0.008     0.006     0.017
   1057  2  3 2017  10 35  5.000  1  0.68905259    -0.00591088      55.641     0.008     0.006     0.017
   1058  2  3 2017  10 35  6.000  1  0.68905260    -0.00591088      55.645     0.007     0.005     0.015
   1059  2  3 2017  10 35  7.000  1  0.68905260    -0.00591088      55.651     0.007     0.005     0.014
   1060  2  3 2017  10 35  8.000  1  0.68905260    -0.00591088      55.650     0.007     0.006     0.016
   1061  2  3 2017  10 35  9.000  1  0.68905251    -0.00591065      55.639     0.007     0.005     0.015
   1062  2  3 2017  10 35 10.000  2  0.68905239    -0.00591029      55.170     0.183     0.149     0.476
   1063  2  3 2017  10 35 11.000  2  0.68905227    -0.00590994      55.122     0.179     0.145     0.466
   1064  2  3 2017  10 35 12.000  2  0.68905215    -0.00590963      55.161     0.179     0.145     0.465
   1065  2  3 2017  10 35 13.000  2  0.68905205    -0.00590935      55.172     0.179     0.145     0.465
   1066  2  3 2017  10 35 14.000  1  0.68905197    -0.00590913      55.639     0.006     0.005     0.015
   1067  2  3 2017  10 35 15.000  1  0.68905196    -0.00590907      55.654     0.006     0.005     0.015
   1068  2  3 2017  10 35 16.000  1  0.68905196    -0.00590907      55.662     0.006     0.005     0.015
   1069  2  3 2017  10 35 17.000  1  0.68905196    -0.00590907      55.645     0.006     0.005     0.016
   1070  2  3 2017  10 35 18.000  1  0.68905194    -0.00590902      55.642     0.007     0.006     0.018
   1071  2  3 2017  10 35 19.000  1  0.68905182    -0.00590865      55.644     0.008     0.007     0.021
   1072  2  3 2017  10 35 20.000  1  0.68905170    -0.00590826      55.639     0.011     0.009     0.029
   1073  2  3 2017  10 35 21.000  1  0.68905159    -0.00590790      55.631     0.009     0.007     0.023
   1074  2  3 2017  10 35 22.000  1  0.68905147    -0.00590758      55.649     0.007     0.006     0.018
   1075  2  3 2017  10 35 23.000  1  0.68905138    -0.00590733      55.638     0.005     0.004     0.013
   1076  2  3 2017  10 35 24.000  1  0.68905135    -0.00590723      55.615     0.008     0.006     0.020
   1077  2  3 2017  10 35 25.000  1  0.68905135    -0.00590723      55.618     0.007     0.006     0.019
   1078  2  3 2017  10 35 26.000  1  0.68905135    -0.00590723      55.617     0.008     0.007     0.021
   1079  2  3 2017  10 35 27.000  1  0.68905135    -0.00590723      55.617     0.008     0.006     0.020
   1080  2  3 2017  10 35 28.000  1  0.68905135    -0.00590723      55.618     0.008     0.006     0.020
   1081  2  3 2017  10 35 29.000  1  0.68905135    -0.00590723      55.621     0.009     0.007     0.022
   1082  2  3 2017  10 35 30.000  1  0.68905129    -0.00590706      55.648     0.007     0.006     0.018
   1083  2  3 2017  10 35 31.000  1  0.68905116    -0.00590669      55.611     0.009     0.008     0.024
   1084  2  3 2017  10 35 32.000  1  0.68905104    -0.00590631      55.613     0.005     0.004     0.014
   1085  2  3 2017  10 35 33.000  1  0.68905091    -0.00590596      55.636     0.009     0.007     0.023
   1086  2  3 2017  10 35 34.000  1  0.68905081    -0.00590567      55.635     0.007     0.005     0.015
   1087  2  3 2017  10 35 35.000  1  0.68905073    -0.00590546      55.620     0.008     0.006     0.018
   1088  2  3 2017  10 35 36.000  1  0.68905072    -0.00590541      55.631     0.007     0.006     0.017
   1089  2  3 2017  10 35 37.000  1  0.68905071    -0.00590540      55.625     0.007     0.006     0.017
   1090  2  3 2017  10 35 38.000  1  0.68905071    -0.00590540      55.620     0.008     0.006     0.019
   1091  2  3 2017  10 35 39.000  1  0.68905071    -0.00590540      55.619     0.009     0.007     0.021
   1092  2  3 2017  10 35 40.000  1  0.68905071    -0.00590540      55.618     0.009     0.007     0.021
   1093  2  3 2017  10 35 41.000  1  0.68905065    -0.00590523      55.603     0.010     0.008     0.023
   1094  2  3 2017  10 35 42.000  1  0.68905054    -0.00590486      55.621     0.008     0.006     0.018
   1095  2  3 2017  10 35 43.000  1  0.68905042    -0.00590450      55.593     0.006     0.005     0.014
   1096  2  3 2017  10 35 44.000  1  0.68905030    -0.00590415      55.580     0.007     0.006     0.017
   1097  2  3 2017  10 35 45.000  1  0.68905018    -0.00590384      55.595     0.007     0.005     0.016
   1098  2  3 2017  10 35 46.000  1  0.68905011    -0.00590362      55.538     0.013     0.011     0.031
   1099  2  3 2017  10 35 47.000  1  0.68905010    -0.00590357      55.521     0.015     0.012     0.034
   1100  2  3 2017  10 35 48.000  1  0.68905010    -0.00590357      55.525     0.014     0.011     0.032
   1101  2  3 2017  10 35 49.000  1  0.68905010    -0.00590357      55.525     0.013     0.010     0.031
   1102  2  3 2017  10 35 50.000  1  0.68905010    -0.00590357      55.525     0.014     0.011     0.032
   1103  2  3 2017  10 35 51.000  1  0.68905010    -0.00590357      55.520     0.013     0.010     0.029
   1104  2  3 2017  10 35 52.000  1  0.68905010    -0.00590357      55.524     0.013     0.010     0.030
   1105  2  3 2017  10 35 53.000  1  0.68905008    -0.00590352      55.543     0.010     0.008     0.022
   1106  2  3 2017  10 35 54.000  1  0.68904999    -0.00590324      55.548     0.009     0.007     0.022
   1107  2  3 2017  10 35 55.000  1  0.68904988    -0.00590292      55.589     0.014     0.011     0.031
   1108  2  3 2017  10 35 56.000  1  0.68904976    -0.00590257      55.504     0.010     0.005     0.018
   1109  2  3 2017  10 35 57.000  1  0.68904964    -0.00590224      55.522     0.009     0.005     0.017
   1110  2  3 2017  10 35 58.000  1  0.68904954    -0.00590195      55.528     0.015     0.009     0.029
   1111  2  3 2017  10 35 59.000  1  0.68904947    -0.00590177      55.516     0.010     0.006     0.019
   1112  2  3 2017  10 36  0.000  1  0.68904947    -0.00590174      55.509     0.009     0.005     0.018
   1113  2  3 2017  10 36  1.000  1  0.68904947    -0.00590174      55.528     0.010     0.006     0.019
   1114  2  3 2017  10 36  2.000  1  0.68904947    -0.00590174      55.529     0.010     0.006     0.020
   1115  2  3 2017  10 36  3.000  1  0.68904947    -0.00590173      55.524     0.010     0.006     0.019
   1116  2  3 2017  10 36  4.000  1  0.68904946    -0.00590173      55.511     0.008     0.006     0.018
   1117  2  3 2017  10 36  5.000  1  0.68904946    -0.00590173      55.516     0.007     0.005     0.016
   1118  2  3 2017  10 36  6.000  1  0.68904937    -0.00590143      55.497     0.008     0.006     0.018
   1119  2  3 2017  10 36  7.000  1  0.68904922    -0.00590100      55.458     0.010     0.008     0.024
   1120  2  3 2017  10 36  8.000  1  0.68904909    -0.00590062      55.474     0.009     0.007     0.020
   1121  2  3 2017  10 36  9.000  1  0.68904899    -0.00590032      55.483     0.007     0.005     0.016
   1122  2  3 2017  10 36 10.000  1  0.68904891    -0.00590009      55.492     0.007     0.005     0.016
   1123  2  3 2017  10 36 11.000  1  0.68904888    -0.00589999      55.474     0.009     0.007     0.020
   1124  2  3 2017  10 36 12.000  1  0.68904888    -0.00589999      55.475     0.008     0.006     0.018
   1125  2  3 2017  10 36 13.000  1  0.68904888    -0.00589999      55.487     0.008     0.006     0.018
   1126  2  3 2017  10 36 14.000  1  0.68904888    -0.00589999      55.483     0.007     0.006     0.017
   1127  2  3 2017  10 36 15.000  1  0.68904888    -0.00589999      55.479     0.007     0.006     0.016
   1128  2  3 2017  10 36 16.000  1  0.68904888    -0.00589999      55.479     0.007     0.006     0.016
   1129  2  3 2017  10 36 17.000  1  0.68904888    -0.00589999      55.488     0.008     0.006     0.017
   1130  2  3 2017  10 36 18.000  1  0.68904888    -0.00589999      55.484     0.007     0.005     0.016
   1131  2  3 2017  10 36 19.000  1  0.68904888    -0.00589999      55.479     0.007     0.005     0.015
   1132  2  3 2017  10 36 20.000  1  0.68904888    -0.00589999      55.481     0.006     0.005     0.015
   1133  2  3 2017  10 36 21.000  1  0.68904888    -0.00589999      55.481     0.006     0.005     0.015
   1134  2  3 2017  10 36 22.000  1  0.68904888    -0.00589999      55.481     0.007     0.005     0.015
   1135  2  3 2017  10 36 23.000  1  0.68904888    -0.00589999      55.476     0.007     0.006     0.016
   1136  2  3 2017  10 36 24.000  1  0.68904888    -0.00589999      55.478     0.007     0.005     0.015
   1137  2  3 2017  10 36 25.000  1  0.68904888    -0.00589999      55.477     0.007     0.005     0.015
   1138  2  3 2017  10 36 26.000  1  0.68904888    -0.00589999      55.482     0.007     0.006     0.017
   1139  2  3 2017  10 36 27.000  1  0.68904888    -0.00589999      55.481     0.007     0.005     0.016
   1140  2  3 2017  10 36 28.000  1  0.68904888    -0.00589999      55.484     0.007     0.005     0.016
   1141  2  3 2017  10 36 29.000  1  0.68904888    -0.00589999      55.484     0.007     0.005     0.016
   1142  2  3 2017  10 36 30.000  1  0.68904888    -0.00589999      55.478     0.007     0.005     0.015
   1143  2  3 2017  10 36 31.000  1  0.68904888    -0.00589999      55.478     0.007     0.005     0.015
   1144  2  3 2017  10 36 32.000  1  0.68904888    -0.00589999      55.480     0.007     0.005     0.015
   1145  2  3 2017  10 36 33.000  1  0.68904888    -0.00589999      55.484     0.006     0.005     0.015
   1146  2  3 2017  10 36 34.000  1  0.68904888    -0.00589999      55.482     0.007     0.005     0.015
   1147  2  3 2017  10 36 35.000  1  0.68904888    -0.00589998      55.477     0.006     0.005     0.015
   1148  2  3 2017  10 36 36.000  1  0.68904888    -0.00589998      55.488     0.007     0.005     0.015
   1149  2  3 2017  10 36 37.000  1  0.68904888    -0.00589998      55.483     0.006     0.005     0.014
   1150  2  3 2017  10 36 38.000  1  0.68904888    -0.00589998      55.483     0.007     0.005     0.015
   1151  2  3 2017  10 36 39.000  1  0.68904888    -0.00589998      55.485     0.007     0.005     0.016
   1152  2  3 2017  10 36 40.000  1  0.68904888    -0.00589998      55.481     0.007     0.006     0.017
   1153  2  3 2017  10 36 41.000  1  0.68904888    -0.00589998      55.483     0.007     0.005     0.016
   1154  2  3 2017  10 36 42.000  1  0.68904888    -0.00589998      55.482     0.007     0.005     0.016
   1155  2  3 2017  10 36 43.000  1  0.68904888    -0.00589998      55.490     0.007     0.006     0.016
   1156  2  3 2017  10 36 44.000  1  0.68904888    -0.00589998      55.488     0.008     0.007     0.019
   1157  2  3 2017  10 36 45.000  1  0.68904888    -0.00589998      55.488     0.008     0.006     0.018
   1158  2  3 2017  10 36 46.000  1  0.68904888    -0.00589999      55.492     0.007     0.006     0.017
   1159  2  3 2017  10 36 47.000  1  0.68904888    -0.00589998      55.492     0.007     0.006     0.016
   1160  2  3 2017  10 36 48.000  1  0.68904888    -0.00589998      55.485     0.007     0.006     0.017
   1161  2  3 2017  10 36 49.000  1  0.68904888    -0.00589998      55.487     0.007     0.005     0.015
   1162  2  3 2017  10 36 50.000  1  0.68904888    -0.00589998      55.488     0.007     0.005     0.015
   1163  2  3 2017  10 36 51.000  1  0.68904888    -0.00589998      55.497     0.007     0.005     0.016
   1164  2  3 2017  10 36 52.000  1  0.68904888    -0.00589998      55.490     0.007     0.005     0.015
   1165  2  3 2017  10 36 53.000  1  0.68904888    -0.00589998      55.491     0.006     0.005     0.015
   1166  2  3 2017  10 36 54.000  1  0.68904888    -0.00589999      55.487     0.007     0.005     0.016
   1167  2  3 2017  10 36 55.000  1  0.68904888    -0.00589998      55.485     0.007     0.005     0.015
   1168  2  3 2017  10 36 56.000  1  0.68904888    -0.00589998      55.485     0.006     0.005     0.015
   1169  2  3 2017  10 36 57.000  1  0.68904888    -0.00589998      55.487     0.007     0.005     0.016
   1170  2  3 2017  10 36 58.000  1  0.68904888    -0.00589998      55.493     0.008     0.006     0.019
   1171  2  3 2017  10 36 59.000  1  0.68904888    -0.00589998      55.492     0.007     0.006     0.017
   1172  2  3 2017  10 36 60.000  1  0.68904888    -0.00589998      55.489     0.007     0.006     0.017