    413  2  3 2017  10 24 21.000  1  0.68905260    -0.00591090      55.688     0.007     0.006     0.021
    414  2  3 2017  10 24 22.000  1  0.68905260    -0.00591090      55.689     0.006     0.006     0.020
    415  2  3 2017  10 24 23.000  1  0.68905260    -0.00591090      55.681     0.006     0.005     0.019
    416  2  3 2017  10 24 24.000  1  0.68905260    -0.00591090      55.686     0.006     0.006     0.021
    417  2  3 2017  10 24 25.000  1  0.68905260    -0.00591090      55.686     0.006     0.006     0.021
    418  2  3 2017  10 24 26.000  1  0.68905260    -0.00591090      55.691     0.006     0.005     0.019
    419  2  3 2017  10 24 27.000  1  0.68905260    -0.00591090      55.689     0.007     0.006     0.022
    420  2  3 2017  10 24 28.000  1  0.68905260    -0.00591090      55.694     0.007     0.006     0.022
    421  2  3 2017  10 24 29.000  1  0.68905260    -0.00591090      55.681     0.007     0.006     0.022
    422  2  3 2017  10 24 30.000  1  0.68905260    -0.00591090      55.691     0.006     0.006     0.020
    423  2  3 2017  10 24 31.000  1  0.68905260    -0.00591090      55.689     0.007     0.006     0.022
    424  2  3 2017  10 24 32.000  1  0.68905260    -0.00591090      55.696     0.007     0.006     0.021
    425  2  3 2017  10 24 33.000  1  0.68905260    -0.00591090      55.695     0.007     0.006     0.022
    426  2  3 2017  10 24 34.000  1  0.68905260    -0.00591090      55.694     0.007     0.006     0.022
    427  2  3 2017  10 24 35.000  1  0.68905260    -0.00591090      55.685     0.006     0.006     0.020
    428  2  3 2017  10 24 36.000  1  0.68905260    -0.00591090      55.697     0.006     0.006     0.020
    429  2  3 2017  10 24 37.000  1  0.68905260    -0.00591090      55.696     0.006     0.005     0.019
    430  2  3 2017  10 24 38.000  1  0.68905260    -0.00591090      55.689     0.007     0.006     0.021
    431  2  3 2017  10 24 39.000  1  0.68905260    -0.00591090      55.691     0.006     0.006     0.021
    432  2  3 2017  10 24 40.000  1  0.68905260    -0.00591090      55.688     0.006     0.006     0.021
    433  2  3 2017  10 24 41.000  1  0.68905260    -0.00591090      55.689     0.006     0.006     0.020
    434  2  3 2017  10 24 42.000  1  0.68905260    -0.00591090      55.689     0.006     0.006     0.020
    435  2  3 2017  10 24 43.000  1  0.68905260    -0.00591090      55.691     0.006     0.005     0.020
    436  2  3 2017  10 24 44.000  1  0.68905260    -0.00591090      55.685     0.007     0.006     0.021
    437  2  3 2017  10 24 45.000  1  0.68905260    -0.00591090      55.692     0.007     0.006     0.021
    438  2  3 2017  10 24 46.000  1  0.68905260    -0.00591090      55.696     0.007     0.006     0.021
    439  2  3 2017  10 24 47.000  1  0.68905260    -0.00591090      55.687     0.007     0.006     0.022
    440  2  3 2017  10 24 48.000  1  0.68905260    -0.00591090      55.686     0.007     0.006     0.022
    441  2  3 2017  10 24 49.000  1  0.68905260    -0.00591090      55.690     0.007     0.006     0.022
    442  2  3 2017  10 24 50.000  1  0.68905260    -0.00591090      55.687     0.007     0.006     0.022
    443  2  3 2017  10 24 51.000  1  0.68905260    -0.00591090      55.693     0.006     0.006     0.020
    444  2  3 2017  10 24 52.000  1  0.68905260    -0.00591090      55.687     0.007     0.006     0.023
    445  2  3 2017  10 24 53.000  1  0.68905260    -0.00591090      55.685     0.006     0.006     0.020
    446  2  3 2017  10 24 54.000  1  0.68905260    -0.00591090      55.682     0.006     0.005     0.019
    447  2  3 2017  10 24 55.000  1  0.68905260    -0.00591090      55.685     0.006     0.005     0.020
    448  2  3 2017  10 24 56.000  1  0.68905260    -0.00591090      55.690     0.007     0.006     0.021
    449  2  3 2017  10 24 57.000  1  0.68905260    -0.00591090      55.693     0.006     0.005     0.019
    450  2  3 2017  10 24 58.000  1  0.68905260    -0.00591090      55.679     0.006     0.006     0.021
    451  2  3 2017  10 24 59.000  1  0.68905260    -0.00591090      55.684     0.006     0.005     0.019
    452  2  3 2017  10 25  0.000  1  0.68905260    -0.00591090      55.686     0.005     0.005     0.017
    453  2  3 2017  10 25  1.000  1  0.68905260    -0.00591090      55.685     0.006     0.005     0.019
    454  2  3 2017  10 25  2.000  1  0.68905260    -0.00591090      55.677     0.006     0.006     0.020
    455  2  3 2017  10 25  3.000  1  0.68905260    -0.00591090      55.684     0.006     0.005     0.018
    456  2  3 2017  10 25  4.000  1  0.68905260    -0.00591090      55.675     0.006     0.005     0.019
    457  2  3 2017  10 25  5.000  1  0.68905260    -0.00591090      55.683     0.007     0.006     0.022
    458  2  3 2017  10 25  6.000  1  0.68905260    -0.00591090      55.672     0.006     0.005     0.020
    459  2  3 2017  10 25  7.000  1  0.68905260    -0.00591090      55.684     0.007     0.006     0.022
    460  2  3 2017  10 25  8.000  1  0.68905260    -0.00591090      55.679     0.007     0.006     0.021
    461  2  3 2017  10 25  9.000  1  0.68905260    -0.00591090      55.681     0.006     0.006     0.020
    462  2  3 2017  10 25 10.000  1  0.68905260    -0.00591090      55.672     0.006     0.005     0.019
    463  2  3 2017  10 25 11.000  1  0.68905260    -0.00591090      55.671     0.007     0.006     0.021
    464  2  3 2017  10 25 12.000  1  0.68905260    -0.00591090      55.675     0.006     0.005     0.020
    465  2  3 2017  10 25 13.000  1  0.68905260    -0.00591090      55.680     0.007     0.006     0.022
    466  2  3 2017  10 25 14.000  1  0.68905260    -0.00591090      55.679     0.006     0.006     0.020
    467  2  3 2017  10 25 15.000  1  0.68905260    -0.00591090      55.676     0.006     0.005     0.020
    468  2  3 2017  10 25 16.000  1  0.68905260    -0.00591090      55.675     0.006     0.005     0.019
    469  2  3 2017  10 25 17.000  1  0.68905260    -0.00591090      55.678     0.007     0.006     0.022
    470  2  3 2017  10 25 18.000  1  0.68905260    -0.00591090      55.668     0.007     0.006     0.022
    471  2  3 2017  10 25 19.000  1  0.68905260    -0.00591090      55.674     0.006     0.005     0.020
    472  2  3 2017  10 25 20.000  1  0.68905260    -0.00591090      55.674     0.007     0.006     0.022
    473  2  3 2017  10 25 21.000  1  0.68905260    -0.00591090      55.683     0.007     0.006     0.022
    474  2  3 2017  10 25 22.000  1  0.68905260    -0.00591090      55.671     0.007     0.006     0.022
    475  2  3 2017  10 25 23.000  1  0.68905260    -0.00591090      55.677     0.009     0.008     0.027
    476  2  3 2017  10 25 24.000  1  0.68905260    -0.00591090      55.675     0.007     0.006     0.022
    477  2  3 2017  10 25 25.000  1  0.68905260    -0.00591090      55.675     0.007     0.006     0.021
    478  2  3 2017  10 25 26.000  1  0.68905260    -0.00591090      55.669     0.007     0.006     0.023
    479  2  3 2017  10 25 27.000  1  0.68905260    -0.00591090      55.672     0.007     0.006     0.021
    480  2  3 2017  10 25 28.000  1  0.68905260    -0.00591090      55.675     0.007     0.006     0.022
    481  2  3 2017  10 25 29.000  1  0.68905260    -0.00591090      55.674     0.008     0.007     0.025
    482  2  3 2017  10 25 30.000  1  0.68905260    -0.00591090      55.668     0.007     0.006     0.023
    483  2  3 2017  10 25 31.000  1  0.68905260    -0.00591090      55.672     0.008     0.007     0.025
    484  2  3 2017  10 25 32.000  1  0.68905260    -0.00591090      55.664     0.008     0.007     0.025
    485  2  3 2017  10 25 33.000  1  0.68905260    -0.00591090      55.665     0.008     0.007     0.025
    486  2  3 2017  10 25 34.000  1  0.68905260    -0.00591090      55.663     0.008     0.007     0.025
    487  2  3 2017  10 25 35.000  1  0.68905260    -0.00591090      55.669     0.009     0.008     0.028
    488  2  3 2017  10 25 36.000  1  0.68905260    -0.00591090      55.665     0.008     0.007     0.025
    489  2  3 2017  10 25 37.000  1  0.68905260    -0.00591090      55.667     0.008     0.007     0.025
    490  2  3 2017  10 25 38.000  1  0.68905260    -0.00591090      55.676     0.008     0.007     0.024
    491  2  3 2017  10 25 39.000  1  0.68905260    -0.00591090      55.666     0.009     0.008     0.029
    492  2  3 2017  10 25 40.000  1  0.68905260    -0.00591090      55.667     0.009     0.008     0.028
    493  2  3 2017  10 25 41.000  1  0.68905260    -0.00591090      55.671     0.008     0.007     0.026
    494  2  3 2017  10 25 42.000  1  0.68905260    -0.00591090      55.663     0.008     0.007     0.025
    495  2  3 2017  10 25 43.000  1  0.68905260    -0.00591090      55.670     0.008     0.007     0.026
    496  2  3 2017  10 25 44.000  1  0.68905260    -0.00591090      55.669     0.008     0.007     0.024
    497  2  3 2017  10 25 45.000  1  0.68905260    -0.00591090      55.661     0.008     0.007     0.025
    498  2  3 2017  10 25 46.000  1  0.68905260    -0.00591090      55.667     0.009     0.007     0.027
    499  2  3 2017  10 25 47.000  1  0.68905260    -0.00591090      55.664     0.009     0.008     0.027
    500  2  3 2017  10 25 48.000  1  0.68905260    -0.00591090      55.663     0.010     0.008     0.030
    501  2  3 2017  10 25 49.000  1  0.68905260    -0.00591090      55.664     0.007     0.006     0.023
    502  2  3 2017  10 25 50.000  1  0.68905260    -0.00591090      55.664     0.008     0.007     0.026
    503  2  3 2017  10 25 51.000  1  0.68905260    -0.00591089      55.656     0.009     0.008     0.029
    504  2  3 2017  10 25 52.000  1  0.68905260    -0.00591089      55.650     0.010     0.009     0.031
    505  2  3 2017  10 25 53.000  1  0.68905260    -0.00591089      55.660     0.009     0.008     0.028
    506  2  3 2017  10 25 54.000  1  0.68905260    -0.00591089      55.657     0.010     0.008     0.030
    507  2  3 2017  10 25 55.000  1  0.68905260    -0.00591089      55.658     0.010     0.009     0.031
    508  2  3 2017  10 25 56.000  1  0.68905260    -0.00591089      55.657     0.011     0.009     0.033
    509  2  3 2017  10 25 57.000  1  0.68905260    -0.00591089      55.657     0.010     0.009     0.032
    510  2  3 2017  10 25 58.000  1  0.68905260    -0.00591089      55.654     0.013     0.011     0.040
    511  2  3 2017  10 25 59.000  1  0.68905260    -0.00591089      55.657     0.010     0.009     0.032
    512  2  3 2017  10 26  0.000  1  0.68905260    -0.00591089      55.657     0.012     0.010     0.036
    513  2  3 2017  10 26  1.000  1  0.68905260    -0.00591089      55.655     0.011     0.009     0.034
    514  2  3 2017  10 26  2.000  1  0.68905260    -0.00591089      55.653     0.010     0.009     0.032
    515  2  3 2017  10 26  3.000  1  0.68905260    -0.00591089      55.657     0.011     0.010     0.035
    516  2  3 2017  10 26  4.000  1  0.68905260    -0.00591089      55.653     0.011     0.009     0.033
    517  2  3 2017  10 26  5.000  1  0.68905260    -0.00591089      55.654     0.010     0.009     0.032
    518  2  3 2017  10 26  6.000  1  0.68905260    -0.00591089      55.652     0.010     0.009     0.031
    519  2  3 2017  10 26  7.000  1  0.68905260    -0.00591089      55.663     0.010     0.009     0.031
    520  2  3 2017  10 26  8.000  1  0.68905260    -0.00591089      55.662     0.011     0.010     0.034
    521  2  3 2017  10 26  9.000  1  0.68905260    -0.00591089      55.664     0.010     0.009     0.031
    522  2  3 2017  10 26 10.000  1  0.68905260    -0.00591089      55.665     0.011     0.010     0.035
    523  2  3 2017  10 26 11.000  1  0.68905260    -0.00591089      55.655     0.011     0.009     0.033
    524  2  3 2017  10 26 12.000  1  0.68905260    -0.00591089      55.662     0.011     0.010     0.034
    525  2  3 2017  10 26 13.000  1  0.68905260    -0.00591089      55.658     0.011     0.009     0.033
    526  2  3 2017  10 26 14.000  1  0.68905260    -0.00591089      55.658     0.011     0.010     0.035
    527  2  3 2017  10 26 15.000  1  0.68905259    -0.00591086      55.673     0.009     0.008     0.029
    528  2  3 2017  10 26 16.000  1  0.68905257    -0.00591079      55.672     0.007     0.006     0.020
    529  2  3 2017  10 26 17.000  1  0.68905254    -0.00591069      55.634     0.010     0.009     0.032
    530  2  3 2017  10 26 18.000  1  0.68905251    -0.00591058      55.616     0.013     0.012     0.041
    531  2  3 2017  10 26 19.000  1  0.68905248    -0.00591046      55.640     0.010     0.009     0.031
    532  2  3 2017  10 26 20.000  1  0.68905244    -0.00591033      55.649     0.006     0.005     0.017
    533  2  3 2017  10 26 21.000  1  0.68905239    -0.00591018      55.619     0.005     0.004     0.015
    534  2  3 2017  10 26 22.000  1  0.68905235    -0.00591003      55.598     0.005     0.004     0.016
    535  2  3 2017  10 26 23.000  1  0.68905231    -0.00590990      55.626     0.006     0.005     0.018
    536  2  3 2017  10 26 24.000  1  0.68905227    -0.00590976      55.639     0.011     0.009     0.033
    537  2  3 2017  10 26 25.000  1  0.68905224    -0.00590965      55.635     0.011     0.010     0.035
    538  2  3 2017  10 26 26.000  1  0.68905220    -0.00590955      55.655     0.006     0.005     0.019
    539  2  3 2017  10 26 27.000  1  0.68905216    -0.00590944      55.646     0.006     0.005     0.018
    540  2  3 2017  10 26 28.000  1  0.68905214    -0.00590937      55.678     0.007     0.006     0.021
    541  2  3 2017  10 26 29.000  1  0.68905210    -0.00590928      55.625     0.006     0.006     0.020
    542  2  3 2017  10 26 30.000  1  0.68905207    -0.00590920      55.662     0.007     0.006     0.022
    543  2  3 2017  10 26 31.000  1  0.68905204    -0.00590915      55.665     0.007     0.006     0.021
    544  2  3 2017  10 26 32.000  1  0.68905203    -0.00590913      55.651     0.008     0.007     0.024
    545  2  3 2017  10 26 33.000  1  0.68905203    -0.00590913      55.649     0.011     0.009     0.033
    546  2  3 2017  10 26 34.000  1  0.68905203    -0.00590913      55.646     0.010     0.009     0.030
    547  2  3 2017  10 26 35.000  1  0.68905203    -0.00590913      55.650     0.008     0.007     0.025
    548  2  3 2017  10 26 36.000  1  0.68905204    -0.00590914      55.658     0.007     0.006     0.021
    549  2  3 2017  10 26 37.000  1  0.68905204    -0.00590913      55.662     0.009     0.008     0.027
    550  2  3 2017  10 26 38.000  1  0.68905201    -0.00590911      55.636     0.010     0.009     0.030
    551  2  3 2017  10 26 39.000  1  0.68905199    -0.00590908      55.655     0.007     0.006     0.020
    552  2  3 2017  10 26 40.000  1  0.68905198    -0.00590907      55.641     0.006     0.005     0.019
    553  2  3 2017  10 26 41.000  1  0.68905198    -0.00590907      55.645     0.007     0.006     0.021
    554  2  3 2017  10 26 42.000  1  0.68905198    -0.00590907      55.634     0.010     0.008     0.029
    555  2  3 2017  10 26 43.000  1  0.68905198    -0.00590907      55.642     0.009     0.008     0.028
    556  2  3 2017  10 26 44.000  1  0.68905198    -0.00590907      55.645     0.009     0.008     0.028
    557  2  3 2017  10 26 45.000  1  0.68905198    -0.00590907      55.635     0.009     0.008     0.027
    558  2  3 2017  10 26 46.000  1  0.68905198    -0.00590907      55.639     0.009     0.007     0.026
    559  2  3 2017  10 26 47.000  1  0.68905197    -0.00590907      55.639     0.009     0.008     0.027
    560  2  3 2017  10 26 48.000  1  0.68905198    -0.00590908      55.624     0.008     0.007     0.024
    561  2  3 2017  10 26 49.000  1  0.68905198    -0.00590909      55.631     0.007     0.006     0.022
    562  2  3 2017  10 26 50.000  1  0.68905198    -0.00590909      55.636     0.008     0.007     0.024
    563  2  3 2017  10 26 51.000  1  0.68905198    -0.00590909      55.641     0.008     0.007     0.026
    564  2  3 2017  10 26 52.000  1  0.68905198    -0.00590909      55.636     0.009     0.007     0.026
    565  2  3 2017  10 26 53.000  1  0.68905198    -0.00590909      55.643     0.008     0.007     0.025
    566  2  3 2017  10 26 54.000  1  0.68905198    -0.00590909      55.639     0.008     0.007     0.025
    567  2  3 2017  10 26 55.000  1  0.68905198    -0.00590909      55.639     0.008     0.007     0.023
    568  2  3 2017  10 26 56.000  1  0.68905198    -0.00590909      55.639     0.007     0.006     0.022
    569  2  3 2017  10 26 57.000  1  0.68905198    -0.00590909      55.632     0.008     0.007     0.024
    570  2  3 2017  10 26 58.000  1  0.68905198    -0.00590909      55.638     0.007     0.006     0.022
    571  2  3 2017  10 26 59.000  1  0.68905198    -0.00590909      55.645     0.007     0.006     0.022
    572  2  3 2017  10 27  0.000  1  0.68905198    -0.00590909      55.636     0.007     0.006     0.022
    573  2  3 2017  10 27  1.000  1  0.68905198    -0.00590909      55.632     0.008     0.007     0.024
    574  2  3 2017  10 27  2.000  1  0.68905198    -0.00590909      55.648     0.008     0.007     0.023
    575  2  3 2017  10 27  3.000  1  0.68905197    -0.00590907      55.661     0.009     0.008     0.027
    576  2  3 2017  10 27  4.000  1  0.68905194    -0.00590898      55.665     0.007     0.006     0.022
    577  2  3 2017  10 27  5.000  1  0.68905189    -0.00590885      55.651     0.010     0.008     0.029
    578  2  3 2017  10 27  6.000  1  0.68905184    -0.00590871      55.630     0.010     0.009     0.030
    579  2  3 2017  10 27  7.000  1  0.68905179    -0.00590858      55.647     0.005     0.005     0.016
    580  2  3 2017  10 27  8.000  1  0.68905175    -0.00590844      55.637     0.006     0.005     0.018
    581  2  3 2017  10 27  9.000  1  0.68905170    -0.00590828      55.636     0.008     0.007     0.025
    582  2  3 2017  10 27 10.000  1  0.68905165    -0.00590813      55.638     0.008     0.007     0.023
    583  2  3 2017  10 27 11.000  1  0.68905160    -0.00590797      55.654     0.007     0.006     0.020
    584  2  3 2017  10 27 12.000  1  0.68905155    -0.00590782      55.619     0.006     0.005     0.018
    585  2  3 2017  10 27 13.000  1  0.68905150    -0.00590766      55.611     0.008     0.007     0.025
    586  2  3 2017  10 27 14.000  1  0.68905145    -0.00590750      55.613     0.006     0.005     0.019
    587  2  3 2017  10 27 15.000  1  0.68905140    -0.00590735      55.619     0.006     0.005     0.018
    588  2  3 2017  10 27 16.000  1  0.68905138    -0.00590729      55.640     0.007     0.006     0.021
    589  2  3 2017  10 27 17.000  1  0.68905137    -0.00590725      55.609     0.008     0.007     0.024
    590  2  3 2017  10 27 18.000  1  0.68905137    -0.00590725      55.616     0.006     0.005     0.017
    591  2  3 2017  10 27 19.000  1  0.68905137    -0.00590724      55.622     0.006     0.005     0.017
    592  2  3 2017  10 27 20.000  1  0.68905137    -0.00590724      55.619     0.006     0.005     0.017
    593  2  3 2017  10 27 21.000  1  0.68905137    -0.00590724      55.618     0.006     0.005     0.016
    594  2  3 2017  10 27 22.000  1  0.68905137    -0.00590725      55.632     0.006     0.006     0.017
    595  2  3 2017  10 27 23.000  1  0.68905137    -0.00590725      55.631     0.006     0.005     0.017
    596  2  3 2017  10 27 24.000  1  0.68905137    -0.00590725      55.630     0.006     0.005     0.017
    597  2  3 2017  10 27 25.000  1  0.68905137    -0.00590725      55.630     0.006     0.005     0.017
    598  2  3 2017  10 27 26.000  1  0.68905137    -0.00590725      55.621     0.006     0.005     0.017
    599  2  3 2017  10 27 27.000  1  0.68905137    -0.00590725      55.624     0.006     0.005     0.017
    600  2  3 2017  10 27 28.000  1  0.68905137    -0.00590724      55.622     0.007     0.006     0.017
    601  2  3 2017  10 27 29.000  1  0.68905137    -0.00590724      55.624     0.006     0.005     0.016
    602  2  3 2017  10 27 30.000  1  0.68905137    -0.00590724      55.618     0.007     0.006     0.018
    603  2  3 2017  10 27 31.000  1  0.68905137    -0.00590724      55.623     0.006     0.005     0.016
    604  2  3 2017  10 27 32.000  1  0.68905137    -0.00590724      55.628     0.006     0.005     0.016
    605  2  3 2017  10 27 33.000  1  0.68905137    -0.00590724      55.621     0.006     0.005     0.015
    606  2  3 2017  10 27 34.000  1  0.68905137    -0.00590724      55.619     0.006     0.005     0.015
    607  2  3 2017  10 27 35.000  1  0.68905136    -0.00590722      55.634     0.007     0.006     0.017
    608  2  3 2017  10 27 36.000  1  0.68905132    -0.00590711      55.618     0.007     0.006     0.018
    609  2  3 2017  10 27 37.000  1  0.68905127    -0.00590698      55.594     0.011     0.009     0.030
    610  2  3 2017  10 27 38.000  1  0.68905122    -0.00590684      55.642     0.008     0.007     0.022
    611  2  3 2017  10 27 39.000  1  0.68905116    -0.00590666      55.612     0.007     0.006     0.018
    612  2  3 2017  10 27 40.000  1  0.68905110    -0.00590648      55.626     0.009     0.008     0.025
    613  2  3 2017  10 27 41.000  1  0.68905103    -0.00590630      55.646     0.005     0.004     0.014
    614  2  3 2017  10 27 42.000  1  0.68905096    -0.00590612      55.626     0.006     0.005     0.015
    615  2  3 2017  10 27 43.000  1  0.68905090    -0.00590594      55.607     0.012     0.010     0.031
    616  2  3 2017  10 27 44.000  1  0.68905084    -0.00590577      55.625     0.012     0.010     0.031
    617  2  3 2017  10 27 45.000  1  0.68905078    -0.00590562      55.623     0.006     0.005     0.016
    618  2  3 2017  10 27 46.000  1  0.68905075    -0.00590554      55.633     0.006     0.005     0.016
    619  2  3 2017  10 27 47.000  1  0.68905075    -0.00590553      55.624     0.005     0.005     0.014
    620  2  3 2017  10 27 48.000  1  0.68905076    -0.00590556      55.629     0.005     0.004     0.014
    621  2  3 2017  10 27 49.000  1  0.68905076    -0.00590555      55.632     0.006     0.005     0.015
    622  2  3 2017  10 27 50.000  1  0.68905075    -0.00590552      55.616     0.006     0.005     0.015
    623  2  3 2017  10 27 51.000  1  0.68905074    -0.00590547      55.628     0.006     0.005     0.016
    624  2  3 2017  10 27 52.000  1  0.68905072    -0.00590542      55.626     0.006     0.005     0.016
    625  2  3 2017  10 27 53.000  1  0.68905072    -0.00590540      55.618     0.006     0.005     0.016
    626  2  3 2017  10 27 54.000  1  0.68905073    -0.00590541      55.622     0.005     0.004     0.013
    627  2  3 2017  10 27 55.000  1  0.68905073    -0.00590540      55.625     0.006     0.005     0.015
    628  2  3 2017  10 27 56.000  1  0.68905073    -0.00590541      55.630     0.005     0.004     0.013
    629  2  3 2017  10 27 57.000  1  0.68905073    -0.00590541      55.629     0.005     0.004     0.012
    630  2  3 2017  10 27 58.000  1  0.68905073    -0.00590541      55.626     0.004     0.004     0.011
    631  2  3 2017  10 27 59.000  1  0.68905073    -0.00590541      55.631     0.005     0.004     0.012
    632  2  3 2017  10 28  0.000  1  0.68905073    -0.00590541      55.617     0.004     0.004     0.012
    633  2  3 2017  10 28  1.000  1  0.68905073    -0.00590541      55.631     0.005     0.004     0.012
    634  2  3 2017  10 28  2.000  1  0.68905073    -0.00590541      55.626     0.005     0.004     0.013
    635  2  3 2017  10 28  3.000  1  0.68905072    -0.00590540      55.618     0.005     0.004     0.012
    636  2  3 2017  10 28  4.000  1  0.68905072    -0.00590540      55.620     0.004     0.004     0.012
    637  2  3 2017  10 28  5.000  1  0.68905072    -0.00590540      55.627     0.005     0.005     0.014
    638  2  3 2017  10 28  6.000  1  0.68905072    -0.00590540      55.624     0.005     0.004     0.012
    639  2  3 2017  10 28  7.000  1  0.68905072    -0.00590540      55.625     0.005     0.004     0.013
    640  2  3 2017  10 28  8.000  1  0.68905071    -0.00590537      55.638     0.005     0.004     0.013
    641  2  3 2017  10 28  9.000  1  0.68905067    -0.00590528      55.623     0.007     0.006     0.018
    642  2  3 2017  10 28 10.000  1  0.68905063    -0.00590514      55.628     0.006     0.005     0.017
    643  2  3 2017  10 28 11.000  1  0.68905058    -0.00590500      55.625     0.007     0.006     0.018
    644  2  3 2017  10 28 12.000  1  0.68905052    -0.00590484      55.620     0.006     0.005     0.016
    645  2  3 2017  10 28 13.000  1  0.68905047    -0.00590469      55.606     0.008     0.007     0.022
    646  2  3 2017  10 28 14.000  1  0.68905042    -0.00590455      55.605     0.005     0.004     0.012
    647  2  3 2017  10 28 15.000  1  0.68905037    -0.00590440      55.598     0.005     0.005     0.014
    648  2  3 2017  10 28 16.000  1  0.68905031    -0.00590426      55.592     0.006     0.005     0.015
    649  2  3 2017  10 28 17.000  1  0.68905026    -0.00590410      55.576     0.007     0.006     0.019
    650  2  3 2017  10 28 18.000  1  0.68905021    -0.00590396      55.581     0.006     0.005     0.017
    651  2  3 2017  10 28 19.000  1  0.68905016    -0.00590381      55.567     0.007     0.006     0.020
    652  2  3 2017  10 28 20.000  1  0.68905012    -0.00590368      55.516     0.010     0.008     0.026
    653  2  3 2017  10 28 21.000  1  0.68905010    -0.00590362      55.499     0.009     0.008     0.025
    654  2  3 2017  10 28 22.000  1  0.68905009    -0.00590360      55.501     0.012     0.010     0.032
    655  2  3 2017  10 28 23.000  1  0.68905009    -0.00590358      55.507     0.011     0.010     0.030
    656  2  3 2017  10 28 24.000  1  0.68905009    -0.00590359      55.508     0.013     0.011     0.033
    657  2  3 2017  10 28 25.000  1  0.68905009    -0.00590359      55.512     0.013     0.011     0.033
    658  2  3 2017  10 28 26.000  1  0.68905009    -0.00590359      55.519     0.013     0.011     0.033
    659  2  3 2017  10 28 27.000  1  0.68905009    -0.00590359      55.517     0.013     0.011     0.033
    660  2  3 2017  10 28 28.000  1  0.68905009    -0.00590359      55.517     0.012     0.010     0.033
    661  2  3 2017  10 28 29.000  1  0.68905009    -0.00590359      55.514     0.012     0.010     0.032
    662  2  3 2017  10 28 30.000  1  0.68905009    -0.00590359      55.512     0.012     0.010     0.032
    663  2  3 2017  10 28 31.000  1  0.68905009    -0.00590358      55.518     0.013     0.011     0.033
    664  2  3 2017  10 28 32.000  1  0.68905009    -0.00590358      55.514     0.014     0.012     0.036
    665  2  3 2017  10 28 33.000  1  0.68905009    -0.00590358      55.511     0.013     0.011     0.035
    666  2  3 2017  10 28 34.000  1  0.68905009    -0.00590358      55.524     0.012     0.010     0.032
    667  2  3 2017  10 28 35.000  1  0.68905009    -0.00590358      55.510     0.013     0.011     0.034
    668  2  3 2017  10 28 36.000  1  0.68905008    -0.00590358      55.515     0.013     0.011     0.034
    669  2  3 2017  10 28 37.000  1  0.68905006    -0.00590350      55.545     0.012     0.010     0.031
    670  2  3 2017  10 28 38.000  1  0.68905002    -0.00590338      55.557     0.007     0.006     0.019
    671  2  3 2017  10 28 39.000  1  0.68904997    -0.00590324      55.545     0.007     0.006     0.019
    672  2  3 2017  10 28 40.000  1  0.68904992    -0.00590309      55.565     0.008     0.007     0.022
    673  2  3 2017  10 28 41.000  1  0.68904987    -0.00590294      55.581     0.006     0.005     0.014
    674  2  3 2017  10 28 42.000  1  0.68904981    -0.00590278      55.543     0.008     0.007     0.021
    675  2  3 2017  10 28 43.000  1  0.68904976    -0.00590262      55.524     0.006     0.005     0.016
    676  2  3 2017  10 28 44.000  1  0.68904972    -0.00590249      55.513     0.007     0.006     0.018
    677  2  3 2017  10 28 45.000  1  0.68904967    -0.00590235      55.560     0.006     0.005     0.016
    678  2  3 2017  10 28 46.000  1  0.68904962    -0.00590221      55.543     0.006     0.005     0.015
    679  2  3 2017  10 28 47.000  1  0.68904957    -0.00590206      55.499     0.007     0.006     0.019
    680  2  3 2017  10 28 48.000  1  0.68904952    -0.00590193      55.518     0.009     0.008     0.024
    681  2  3 2017  10 28 49.000  1  0.68904949    -0.00590182      55.529     0.007     0.006     0.019
    682  2  3 2017  10 28 50.000  1  0.68904947    -0.00590177      55.551     0.009     0.008     0.023
    683  2  3 2017  10 28 51.000  1  0.68904946    -0.00590176      55.532     0.009     0.008     0.024
    684  2  3 2017  10 28 52.000  1  0.68904946    -0.00590174      55.542     0.006     0.005     0.016
    685  2  3 2017  10 28 53.000  1  0.68904946    -0.00590173      55.526     0.006     0.005     0.015
    686  2  3 2017  10 28 54.000  1  0.68904946    -0.00590173      55.511     0.008     0.007     0.021
    687  2  3 2017  10 28 55.000  1  0.68904948    -0.00590176      55.511     0.009     0.007     0.023
    688  2  3 2017  10 28 56.000  1  0.68904948    -0.00590177      55.512     0.008     0.007     0.021
    689  2  3 2017  10 28 57.000  1  0.68904948    -0.00590177      55.531     0.007     0.006     0.017
    690  2  3 2017  10 28 58.000  1  0.68904949    -0.00590177      55.542     0.007     0.006     0.019
    691  2  3 2017  10 28 59.000  1  0.68904949    -0.00590178      55.537     0.009     0.007     0.022
    692  2  3 2017  10 29  0.000  1  0.68904949    -0.00590178      55.542     0.009     0.008     0.024
    693  2  3 2017  10 29  1.000  1  0.68904949    -0.00590178      55.541     0.010     0.008     0.026
    694  2  3 2017  10 29  2.000  1  0.68904949    -0.00590178      55.539     0.010     0.009     0.027
    695  2  3 2017  10 29  3.000  1  0.68904949    -0.00590178      55.546     0.010     0.008     0.026
    696  2  3 2017  10 29  4.000  1  0.68904949    -0.00590178      55.542     0.010     0.008     0.025
    697  2  3 2017  10 29  5.000  1  0.68904949    -0.00590178      55.545     0.010     0.008     0.025
    698  2  3 2017  10 29  6.000  1  0.68904949    -0.00590178      55.546     0.009     0.008     0.024
    699  2  3 2017  10 29  7.000  1  0.68904949    -0.00590178      55.538     0.008     0.007     0.022
    700  2  3 2017  10 29  8.000  1  0.68904949    -0.00590178      55.542     0.010     0.008     0.025
    701  2  3 2017  10 29  9.000  1  0.68904949    -0.00590177      55.535     0.009     0.007     0.022
    702  2  3 2017  10 29 10.000  1  0.68904948    -0.00590176      55.552     0.011     0.009     0.029
    703  2  3 2017  10 29 11.000  1  0.68904944    -0.00590169      55.553     0.011     0.009     0.028
    704  2  3 2017  10 29 12.000  1  0.68904940    -0.00590161      55.522     0.006     0.005     0.017
    705  2  3 2017  10 29 13.000  1  0.68904936    -0.00590150      55.526     0.008     0.006     0.022
    706  2  3 2017  10 29 14.000  1  0.68904931    -0.00590139      55.519     0.006     0.005     0.017
    707  2  3 2017  10 29 15.000  1  0.68904927    -0.00590127      55.495     0.004     0.003     0.011
    708  2  3 2017  10 29 16.000  1  0.68904924    -0.00590115      55.508     0.006     0.006     0.019
    709  2  3 2017  10 29 17.000  1  0.68904920    -0.00590104      55.486     0.004     0.004     0.013
    710  2  3 2017  10 29 18.000  1  0.68904917    -0.00590090      55.445     0.012     0.010     0.035
    711  2  3 2017  10 29 19.000  1  0.68904891    -0.00590010      55.475     0.009     0.008     0.025
    712  2  3 2017  10 29 20.000  1  0.68904888    -0.00590001      55.475     0.006     0.005     0.017
    713  2  3 2017  10 29 21.000  1  0.68904888    -0.00590000      55.466     0.007     0.006     0.019
    714  2  3 2017  10 29 22.000  1  0.68904889    -0.00590001      55.479     0.006     0.005     0.017
    715  2  3 2017  10 29 23.000  1  0.68904888    -0.00589999      55.482     0.006     0.005     0.017
    716  2  3 2017  10 29 24.000  1  0.68904888    -0.00589999      55.473     0.007     0.005     0.017
    717  2  3 2017  10 29 25.000  1  0.68904888    -0.00590000      55.485     0.006     0.005     0.017
    718  2  3 2017  10 29 26.000  1  0.68904888    -0.00590000      55.476     0.007     0.006     0.017
    719  2  3 2017  10 29 27.000  1  0.68904888    -0.00590000      55.477     0.006     0.005     0.016
    720  2  3 2017  10 29 28.000  1  0.68904888    -0.00590000      55.474     0.007     0.005     0.017
    721  2  3 2017  10 29 29.000  1  0.68904888    -0.00590000      55.483     0.007     0.005     0.017
    722  2  3 2017  10 29 30.000  1  0.68904888    -0.00590000      55.479     0.007     0.006     0.017
    723  2  3 2017  10 29 31.000  1  0.68904888    -0.00590000      55.481     0.007     0.006     0.017
    724  2  3 2017  10 29 32.000  1  0.68904888    -0.00590000      55.471     0.007     0.006     0.017
    725  2  3 2017  10 29 33.000  1  0.68904888    -0.00590000      55.480     0.006     0.005     0.017
    726  2  3 2017  10 29 34.000  1  0.68904888    -0.00590000      55.478     0.007     0.006     0.017
    727  2  3 2017  10 29 35.000  1  0.68904888    -0.00590000      55.471     0.006     0.005     0.016
    728  2  3 2017  10 29 36.000  1  0.68904888    -0.00590000      55.471     0.006     0.005     0.015
    729  2  3 2017  10 29 37.000  1  0.68904888    -0.00590000      55.471     0.006     0.005     0.014
    730  2  3 2017  10 29 38.000  1  0.68904888    -0.00590000      55.469     0.006     0.005     0.016
    731  2  3 2017  10 29 39.000  1  0.68904888    -0.00590000      55.475     0.006     0.005     0.016
    732  2  3 2017  10 29 40.000  1  0.68904888    -0.00590000      55.481     0.007     0.006     0.019
    733  2  3 2017  10 29 41.000  1  0.68904888    -0.00590000      55.481     0.008     0.006     0.020
    734  2  3 2017  10 29 42.000  1  0.68904888    -0.00590000      55.482     0.007     0.006     0.019
    735  2  3 2017  10 29 43.000  1  0.68904888    -0.00590000      55.482     0.008     0.007     0.020
    736  2  3 2017  10 29 44.000  1  0.68904888    -0.00590000      55.475     0.007     0.006     0.019
    737  2  3 2017  10 29 45.000  1  0.68904888    -0.00590000      55.473     0.008     0.007     0.020
    738  2  3 2017  10 29 46.000  1  0.68904888    -0.00590000      55.476     0.007     0.006     0.017
    739  2  3 2017  10 29 47.000  1  0.68904888    -0.00590000      55.478     0.007     0.006     0.018
    740  2  3 2017  10 29 48.000  1  0.68904888    -0.00590000      55.478     0.006     0.005     0.016
    741  2  3 2017  10 29 49.000  1  0.68904888    -0.00590000      55.471     0.006     0.005     0.016
    742  2  3 2017  10 29 50.000  1  0.68904888    -0.00590000      55.475     0.007     0.006     0.017
    743  2  3 2017  10 29 51.000  1  0.68904888    -0.00590000      55.471     0.007     0.006     0.019
    744  2  3 2017  10 29 52.000  1  0.68904888    -0.00590000      55.474     0.007     0.006     0.017
    745  2  3 2017  10 29 53.000  1  0.68904888    -0.00590000      55.474     0.007     0.006     0.017
    746  2  3 2017  10 29 54.000  1  0.68904888    -0.00590000      55.468     0.007     0.006     0.018
    747  2  3 2017  10 29 55.000  1  0.68904888    -0.00590000      55.474     0.007     0.006     0.018
    748  2  3 2017  10 29 56.000  1  0.68904888    -0.00590000      55.473     0.007     0.006     0.018
    749  2  3 2017  10 29 57.000  1  0.68904888    -0.00590000      55.469     0.007     0.006     0.018
    750  2  3 2017  10 29 58.000  1  0.68904888    -0.00590000      55.476     0.008     0.006     0.020
    751  2  3 2017  10 29 59.000  1  0.68904888    -0.00590000      55.473     0.008     0.007     0.020
    752  2  3 2017  10 30  0.000  1  0.68904888    -0.00590000      55.475     0.007     0.006     0.019
    753  2  3 2017  10 30  1.000  1  0.68904888    -0.00590000      55.480     0.007     0.006     0.018
    754  2  3 2017  10 30  2.000  1  0.68904888    -0.00590000      55.480     0.007     0.006     0.019
    755  2  3 2017  10 30  3.000  1  0.68904888    -0.00590000      55.474     0.007     0.006     0.019
    756  2  3 2017  10 30  4.000  1  0.68904888    -0.00590000      55.481     0.008     0.007     0.021
    757  2  3 2017  10 30  5.000  1  0.68904888    -0.00590000      55.479     0.009     0.007     0.022
    758  2  3 2017  10 30  6.000  1  0.68904888    -0.00590000      55.471     0.008     0.007     0.021
    759  2  3 2017  10 30  7.000  1  0.68904888    -0.00590000      55.475     0.008     0.007     0.021
    760  2  3 2017  10 30  8.000  1  0.68904888    -0.00590000      55.472     0.008     0.006     0.020
    761  2  3 2017  10 30  9.000  1  0.68904888    -0.00590000      55.477     0.008     0.007     0.021
    762  2  3 2017  10 30 10.000  1  0.68904888    -0.00590000      55.489     0.008     0.007     0.021
    763  2  3 2017  10 30 11.000  1  0.68904888    -0.00590000      55.480     0.008     0.006     0.020
    764  2  3 2017  10 30 12.000  1  0.68904888    -0.00590000      55.477     0.008     0.007     0.021
    765  2  3 2017  10 30 13.000  1  0.68904888    -0.00590000      55.478     0.008     0.006     0.020
    766  2  3 2017  10 30 14.000  1  0.68904888    -0.00590000      55.481     0.008     0.007     0.021
    767  2  3 2017  10 30 15.000  1  0.68904888    -0.00590000      55.481     0.008     0.007     0.021
    768  2  3 2017  10 30 16.000  1  0.68904888    -0.00590000      55.485     0.009     0.007     0.022
    769  2  3 2017  10 30 17.000  1  0.68904888    -0.00590000      55.482     0.008     0.007     0.021
    770  2  3 2017  10 30 18.000  1  0.68904888    -0.00590000      55.484     0.008     0.007     0.020
    771  2  3 2017  10 30 19.000  1  0.68904888    -0.00590000      55.481     0.008     0.006     0.020
    772  2  3 2017  10 30 20.000  1  0.68904888    -0.00590000      55.480     0.008     0.007     0.020
    773  2  3 2017  10 30 21.000  1  0.68904888    -0.00590000      55.479     0.008     0.007     0.020
    774  2  3 2017  10 30 22.000  1  0.68904888    -0.00590000      55.483     0.008     0.007     0.021
    775  2  3 2017  10 30 23.000  1  0.68904888    -0.00590000      55.476     0.008     0.006     0.019
    776  2  3 2017  10 30 24.000  1  0.68904888    -0.00590000      55.478     0.008     0.007     0.020
    777  2  3 2017  10 30 25.000  1  0.68904888    -0.00590000      55.476     0.007     0.006     0.017
    778  2  3 2017  10 30 26.000  1  0.68904888    -0.00590000      55.476     0.007     0.006     0.018
    779  2  3 2017  10 30 27.000  1  0.68904888    -0.00590000      55.477     0.008     0.007     0.020
    780  2  3 2017  10 30 28.000  1  0.68904888    -0.00590000      55.479     0.008     0.006     0.019
    781  2  3 2017  10 30 29.000  1  0.68904888    -0.00590000      55.479     0.008     0.006     0.019
    782  2  3 2017  10 30 30.000  1  0.68904888    -0.00590000      55.475     0.008     0.007     0.021
    783  2  3 2017  10 30 31.000  1  0.68904888    -0.00590000      55.479     0.008     0.006     0.019
    784  2  3 2017  10 30 32.000  1  0.68904888    -0.00590000      55.480     0.008     0.006     0.019
    785  2  3 2017  10 30 33.000  1  0.68904888    -0.00590000      55.470     0.008     0.007     0.021
    786  2  3 2017  10 30 34.000  1  0.68904888    -0.00590000      55.486     0.008     0.006     0.019
    787  2  3 2017  10 30 35.000  1  0.68904888    -0.00590000      55.469     0.008     0.007     0.021
    788  2  3 2017  10 30 36.000  1  0.68904888    -0.00590000      55.478     0.008     0.006     0.019
    789  2  3 2017  10 30 37.000  1  0.68904888    -0.00590000      55.473     0.008     0.006     0.020
    790  2  3 2017  10 30 38.000  1  0.68904888    -0.00590000      55.481     0.009     0.007     0.022
    791  2  3 2017  10 30 39.000  1  0.68904888    -0.00590000      55.479     0.008     0.007     0.020
    792  2  3 2017  10 30 40.000  1  0.68904888    -0.00590000      55.478     0.007     0.006     0.018
    793  2  3 2017  10 30 41.000  1  0.68904888    -0.00590000      55.478     0.007     0.006     0.018
    794  2  3 2017  10 30 42.000  1  0.68904888    -0.00590000      55.472     0.007     0.006     0.018
    795  2  3 2017  10 30 43.000  1  0.68904888    -0.00590000      55.472     0.008     0.006     0.019
    796  2  3 2017  10 30 44.000  1  0.68904888    -0.00590000      55.475     0.008     0.006     0.020
    797  2  3 2017  10 30 45.000  1  0.68904888    -0.00590000      55.473     0.008     0.006     0.019
    798  2  3 2017  10 30 46.000  1  0.68904888    -0.00590000      55.478     0.007     0.006     0.019
    799  2  3 2017  10 30 47.000  1  0.68904888    -0.00590000      55.476     0.008     0.007     0.020
    800  2  3 2017  10 30 48.000  1  0.68904888    -0.00590000      55.477     0.009     0.007     0.022
    801  2  3 2017  10 30 49.000  1  0.68904888    -0.00590000      55.467     0.009     0.007     0.021
    802  2  3 2017  10 30 50.000  1  0.68904888    -0.00590000      55.474     0.008     0.007     0.021
    803  2  3 2017  10 30 51.000  1  0.68904888    -0.00590000      55.474     0.008     0.006     0.019
    804  2  3 2017  10 30 52.000  1  0.68904888    -0.00590000      55.474     0.008     0.007     0.020
    805  2  3 2017  10 30 53.000  1  0.68904888    -0.00590000      55.476     0.008     0.007     0.021
    806  2  3 2017  10 30 54.000  1  0.68904888    -0.00590000      55.472     0.008     0.006     0.019
    807  2  3 2017  10 30 55.000  1  0.68904888    -0.00590000      55.471     0.008     0.006     0.020
    808  2  3 2017  10 30 56.000  1  0.68904888    -0.00590000      55.473     0.008     0.006     0.020
    809  2  3 2017  10 30 57.000  1  0.68904888    -0.00590000      55.467     0.008     0.007     0.021
    810  2  3 2017  10 30 58.000  1  0.68904888    -0.00590000      55.471     0.008     0.007     0.021
    811  2  3 2017  10 30 59.000  1  0.68904888    -0.00590000      55.473     0.008     0.007     0.021
    812  2  3 2017  10 31  0.000  1  0.68904888    -0.00590000      55.472     0.008     0.006     0.020
