       1    2  3 2017    10 24 21.000  1    6361244.048 6386784.813      50.558  -2.5   3.7   0.133333333 -0.00000044  0.00000000  9.80106391
       2    2  3 2017    10 24 22.000  1    6361244.048 6386784.813      50.558  -2.5   3.7   0.133333333 -0.00000044  0.00000000  9.80106390
       3    2  3 2017    10 24 23.000  1    6361244.048 6386784.813      50.558  -2.5   3.7   0.133333333 -0.00000044  0.00000000  9.80106393
       4    2  3 2017    10 24 24.000  1    6361244.048 6386784.813      50.558  -2.5   3.7   0.133333333 -0.00000044  0.00000000  9.80106391
       5    2  3 2017    10 24 25.000  1    6361244.048 6386784.813      50.558  -2.5   3.7   0.133333333 -0.00000044  0.00000000  9.80106391
       6    2  3 2017    10 24 26.000  1    6361244.048 6386784.813      50.558  -2.5   3.7   0.133333333 -0.00000044  0.00000000  9.80106390
       7    2  3 2017    10 24 27.000  1    6361244.048 6386784.813      50.558  -2.5   3.7   0.133333333 -0.00000044  0.00000000  9.80106390
       8    2  3 2017    10 24 28.000  1    6361244.048 6386784.813      50.558  -2.5   3.7   0.133333333 -0.00000044  0.00000000  9.80106389
       9    2  3 2017    10 24 29.000  1    6361244.048 6386784.813      50.558  -2.5   3.7   0.133333333 -0.00000044  0.00000000  9.80106393
      10    2  3 2017    10 24 30.000  1    6361244.048 6386784.813      50.558  -2.5   3.7   0.133333333 -0.00000044  0.00000000  9.80106390
      11    2  3 2017    10 24 31.000  1    6361244.048 6386784.813      50.558  -2.5   3.7   0.133333333 -0.00000044  0.00000000  9.80106390
      12    2  3 2017    10 24 32.000  1    6361244.048 6386784.813      50.558  -2.5   3.7   0.133333333 -0.00000044  0.00000000  9.80106388
      13    2  3 2017    10 24 33.000  1    6361244.048 6386784.813      50.558  -2.5   3.7   0.133333333 -0.00000044  0.00000000  9.80106388
      14    2  3 2017    10 24 34.000  1    6361244.048 6386784.813      50.558  -2.5   3.7   0.133333333 -0.00000044  0.00000000  9.80106389
      15    2  3 2017    10 24 35.000  1    6361244.048 6386784.813      50.558  -2.5   3.7   0.133333333 -0.00000044  0.00000000  9.80106392
      16    2  3 2017    10 24 36.000  1    6361244.048 6386784.813      50.558  -2.5   3.7   0.133333333 -0.00000044  0.00000000  9.80106388
      17    2  3 2017    10 24 37.000  1    6361244.048 6386784.813      50.558  -2.5   3.7   0.133333333 -0.00000044  0.00000000  9.80106388
      18    2  3 2017    10 24 38.000  1    6361244.048 6386784.813      50.558  -2.5   3.7   0.133333333 -0.00000044  0.00000000  9.80106390
      19    2  3 2017    10 24 39.000  1    6361244.048 6386784.813      50.558  -2.5   3.7   0.133333333 -0.00000044  0.00000000  9.80106390
      20    2  3 2017    10 24 40.000  1    6361244.048 6386784.813      50.558  -2.5   3.7   0.133333333 -0.00000044  0.00000000  9.80106391
      21    2  3 2017    10 24 41.000  1    6361244.048 6386784.813      50.558  -2.5   3.7   0.133333333 -0.00000044  0.00000000  9.80106390
      22    2  3 2017    10 24 42.000  1    6361244.048 6386784.813      50.558  -2.5   3.7   0.133333333 -0.00000044  0.00000000  9.80106390
      23    2  3 2017    10 24 43.000  1    6361244.048 6386784.813      50.558  -2.5   3.7   0.133333333 -0.00000044  0.00000000  9.80106390
      24    2  3 2017    10 24 44.000  1    6361244.048 6386784.813      50.558  -2.5   3.7   0.133333333 -0.00000044  0.00000000  9.80106392
      25    2  3 2017    10 24 45.000  1    6361244.048 6386784.813      50.558  -2.5   3.7   0.133333333 -0.00000044  0.00000000  9.80106389
      26    2  3 2017    10 24 46.000  1    6361244.048 6386784.813      50.558  -2.5   3.7   0.133333333 -0.00000044  0.00000000  9.80106388
      27    2  3 2017    10 24 47.000  1    6361244.048 6386784.813      50.558  -2.5   3.7   0.133333333 -0.00000044  0.00000000  9.80106391
      28    2  3 2017    10 24 48.000  1    6361244.048 6386784.813      50.558  -2.5   3.7   0.133333333 -0.00000044  0.00000000  9.80106391
      29    2  3 2017    10 24 49.000  1    6361244.048 6386784.813      50.558  -2.5   3.7   0.133333333 -0.00000044  0.00000000  9.80106390
      30    2  3 2017    10 24 50.000  1    6361244.048 6386784.813      50.558  -2.5   3.7   0.133333333 -0.00000044  0.00000000  9.80106391
      31    2  3 2017    10 24 51.000  1    6361244.048 6386784.813      50.558  -2.5   3.7   0.133333333 -0.00000044  0.00000000  9.80106389
      32    2  3 2017    10 24 52.000  1    6361244.048 6386784.813      50.558  -2.5   3.7   0.133333333 -0.00000044  0.00000000  9.80106391
      33    2  3 2017    10 24 53.000  1    6361244.048 6386784.813      50.558  -2.5   3.7   0.133333333 -0.00000044  0.00000000  9.80106392
      34    2  3 2017    10 24 54.000  1    6361244.048 6386784.813      50.558  -2.5   3.7   0.133333333 -0.00000044  0.00000000  9.80106392
      35    2  3 2017    10 24 55.000  1    6361244.048 6386784.813      50.558  -2.5   3.7   0.133333333 -0.00000044  0.00000000  9.80106392
      36    2  3 2017    10 24 56.000  1    6361244.048 6386784.813      50.558  -2.5   3.7   0.133333333 -0.00000044  0.00000000  9.80106390
      37    2  3 2017    10 24 57.000  1    6361244.048 6386784.813      50.558  -2.5   3.7   0.133333333 -0.00000044  0.00000000  9.80106389
      38    2  3 2017    10 24 58.000  1    6361244.048 6386784.813      50.558  -2.5   3.7   0.133333333 -0.00000044  0.00000000  9.80106393
      39    2  3 2017    10 24 59.000  1    6361244.048 6386784.813      50.558  -2.5   3.7   0.133333333 -0.00000044  0.00000000  9.80106392
      40    2  3 2017    10 25  0.000  1    6361244.048 6386784.813      50.558  -2.5   3.7   0.133333333 -0.00000044  0.00000000  9.80106391
      41    2  3 2017    10 25  1.000  1    6361244.048 6386784.813      50.558  -2.5   3.7   0.133333333 -0.00000044  0.00000000  9.80106392
      42    2  3 2017    10 25  2.000  1    6361244.048 6386784.813      50.558  -2.5   3.7   0.133333333 -0.00000044  0.00000000  9.80106394
      43    2  3 2017    10 25  3.000  1    6361244.048 6386784.813      50.558  -2.5   3.7   0.133333333 -0.00000044  0.00000000  9.80106392
      44    2  3 2017    10 25  4.000  1    6361244.048 6386784.813      50.558  -2.5   3.7   0.133333333 -0.00000044  0.00000000  9.80106395
      45    2  3 2017    10 25  5.000  1    6361244.048 6386784.813      50.558  -2.5   3.7   0.133333333 -0.00000044  0.00000000  9.80106392
      46    2  3 2017    10 25  6.000  1    6361244.048 6386784.813      50.558  -2.5   3.7   0.133333333 -0.00000044  0.00000000  9.80106396
      47    2  3 2017    10 25  7.000  1    6361244.048 6386784.813      50.558  -2.5   3.7   0.133333333 -0.00000044  0.00000000  9.80106392
      48    2  3 2017    10 25  8.000  1    6361244.048 6386784.813      50.558  -2.5   3.7   0.133333333 -0.00000044  0.00000000  9.80106393
      49    2  3 2017    10 25  9.000  1    6361244.048 6386784.813      50.558  -2.5   3.7   0.133333333 -0.00000044  0.00000000  9.80106393
      50    2  3 2017    10 25 10.000  1    6361244.048 6386784.813      50.558  -2.5   3.7   0.133333333 -0.00000044  0.00000000  9.80106396
      51    2  3 2017    10 25 11.000  1    6361244.048 6386784.813      50.558  -2.5   3.7   0.133333333 -0.00000044  0.00000000  9.80106396
      52    2  3 2017    10 25 12.000  1    6361244.048 6386784.813      50.558  -2.5   3.7   0.133333333 -0.00000044  0.00000000  9.80106395
      53    2  3 2017    10 25 13.000  1    6361244.048 6386784.813      50.558  -2.5   3.7   0.133333333 -0.00000044  0.00000000  9.80106393
      54    2  3 2017    10 25 14.000  1    6361244.048 6386784.813      50.558  -2.5   3.7   0.133333333 -0.00000044  0.00000000  9.80106393
      55    2  3 2017    10 25 15.000  1    6361244.048 6386784.813      50.558  -2.5   3.7   0.133333333 -0.00000044  0.00000000  9.80106394
      56    2  3 2017    10 25 16.000  1    6361244.048 6386784.813      50.558  -2.5   3.7   0.133333333 -0.00000044  0.00000000  9.80106395
      57    2  3 2017    10 25 17.000  1    6361244.048 6386784.813      50.558  -2.5   3.7   0.133333333 -0.00000044  0.00000000  9.80106394
      58    2  3 2017    10 25 18.000  1    6361244.048 6386784.813      50.558  -2.5   3.7   0.133333333 -0.00000044  0.00000000  9.80106397
      59    2  3 2017    10 25 19.000  1    6361244.048 6386784.813      50.558  -2.5   3.7   0.133333333 -0.00000044  0.00000000  9.80106395
      60    2  3 2017    10 25 20.000  1    6361244.048 6386784.813      50.558  -2.5   3.7   0.133333333 -0.00000044  0.00000000  9.80106395
      61    2  3 2017    10 25 21.000  1    6361244.048 6386784.813      50.558  -2.5   3.7   0.133333333 -0.00000044  0.00000000  9.80106392
      62    2  3 2017    10 25 22.000  1    6361244.048 6386784.813      50.558  -2.5   3.7   0.133333333 -0.00000044  0.00000000  9.80106396
      63    2  3 2017    10 25 23.000  1    6361244.048 6386784.813      50.558  -2.5   3.7   0.133333333 -0.00000044  0.00000000  9.80106394
      64    2  3 2017    10 25 24.000  1    6361244.048 6386784.813      50.558  -2.5   3.7   0.133333333 -0.00000044  0.00000000  9.80106395
      65    2  3 2017    10 25 25.000  1    6361244.048 6386784.813      50.558  -2.5   3.7   0.133333333 -0.00000044  0.00000000  9.80106395
      66    2  3 2017    10 25 26.000  1    6361244.048 6386784.813      50.558  -2.5   3.7   0.133333333 -0.00000044  0.00000000  9.80106397
      67    2  3 2017    10 25 27.000  1    6361244.048 6386784.813      50.558  -2.5   3.7   0.133333333 -0.00000044  0.00000000  9.80106396
      68    2  3 2017    10 25 28.000  1    6361244.048 6386784.813      50.558  -2.5   3.7   0.133333333 -0.00000044  0.00000000  9.80106395
      69    2  3 2017    10 25 29.000  1    6361244.048 6386784.813      50.558  -2.5   3.7   0.133333333 -0.00000044  0.00000000  9.80106395
      70    2  3 2017    10 25 30.000  1    6361244.048 6386784.813      50.558  -2.5   3.7   0.133333333 -0.00000044  0.00000000  9.80106397
      71    2  3 2017    10 25 31.000  1    6361244.048 6386784.813      50.558  -2.5   3.7   0.133333333 -0.00000044  0.00000000  9.80106396
      72    2  3 2017    10 25 32.000  1    6361244.048 6386784.813      50.558  -2.5   3.7   0.133333333 -0.00000044  0.00000000  9.80106398
      73    2  3 2017    10 25 33.000  1    6361244.048 6386784.813      50.558  -2.5   3.7   0.133333333 -0.00000044  0.00000000  9.80106398
      74    2  3 2017    10 25 34.000  1    6361244.048 6386784.813      50.558  -2.5   3.7   0.133333333 -0.00000044  0.00000000  9.80106398
      75    2  3 2017    10 25 35.000  1    6361244.048 6386784.813      50.558  -2.5   3.7   0.133333333 -0.00000044  0.00000000  9.80106397
      76    2  3 2017    10 25 36.000  1    6361244.048 6386784.813      50.558  -2.5   3.7   0.133333333 -0.00000044  0.00000000  9.80106398
      77    2  3 2017    10 25 37.000  1    6361244.048 6386784.813      50.558  -2.5   3.7   0.133333333 -0.00000044  0.00000000  9.80106397
      78    2  3 2017    10 25 38.000  1    6361244.048 6386784.813      50.558  -2.5   3.7   0.133333333 -0.00000044  0.00000000  9.80106394
      79    2  3 2017    10 25 39.000  1    6361244.048 6386784.813      50.558  -2.5   3.7   0.133333333 -0.00000044  0.00000000  9.80106397
      80    2  3 2017    10 25 40.000  1    6361244.048 6386784.813      50.558  -2.5   3.7   0.133333333 -0.00000044  0.00000000  9.80106397
      81    2  3 2017    10 25 41.000  1    6361244.048 6386784.813      50.558  -2.5   3.7   0.133333333 -0.00000044  0.00000000  9.80106396
      82    2  3 2017    10 25 42.000  1    6361244.048 6386784.813      50.558  -2.5   3.7   0.133333333 -0.00000044  0.00000000  9.80106398
      83    2  3 2017    10 25 43.000  1    6361244.048 6386784.813      50.558  -2.5   3.7   0.133333333 -0.00000044  0.00000000  9.80106396
      84    2  3 2017    10 25 44.000  1    6361244.048 6386784.813      50.558  -2.5   3.7   0.133333333 -0.00000044  0.00000000  9.80106397
      85    2  3 2017    10 25 45.000  1    6361244.048 6386784.813      50.558  -2.5   3.7   0.133333333 -0.00000044  0.00000000  9.80106399
      86    2  3 2017    10 25 46.000  1    6361244.048 6386784.813      50.558  -2.5   3.7   0.133333333 -0.00000044  0.00000000  9.80106397
      87    2  3 2017    10 25 47.000  1    6361244.048 6386784.813      50.558  -2.5   3.7   0.133333333 -0.00000044  0.00000000  9.80106398
      88    2  3 2017    10 25 48.000  1    6361244.048 6386784.813      50.558  -2.5   3.7   0.133333333 -0.00000044  0.00000000  9.80106398
      89    2  3 2017    10 25 49.000  1    6361244.048 6386784.813      50.558  -2.5   3.7   0.133333333 -0.00000044  0.00000000  9.80106398
      90    2  3 2017    10 25 50.000  1    6361244.048 6386784.813      50.558  -2.5   3.7   0.133333333 -0.00000044  0.00000000  9.80106398
      91    2  3 2017    10 25 51.000  1    6361244.048 6386784.813      50.558  -2.5   3.7   0.133333333 -0.00000044  0.00000000  9.80106401
      92    2  3 2017    10 25 52.000  1    6361244.048 6386784.813      50.558  -2.5   3.7   0.133333333 -0.00000044  0.00000000  9.80106402
      93    2  3 2017    10 25 53.000  1    6361244.048 6386784.813      50.558  -2.5   3.7   0.133333333 -0.00000044  0.00000000  9.80106399
      94    2  3 2017    10 25 54.000  1    6361244.048 6386784.813      50.558  -2.5   3.7   0.133333333 -0.00000044  0.00000000  9.80106400
      95    2  3 2017    10 25 55.000  1    6361244.048 6386784.813      50.558  -2.5   3.7   0.133333333 -0.00000044  0.00000000  9.80106400
      96    2  3 2017    10 25 56.000  1    6361244.048 6386784.813      50.558  -2.5   3.7   0.133333333 -0.00000044  0.00000000  9.80106400
      97    2  3 2017    10 25 57.000  1    6361244.048 6386784.813      50.558  -2.5   3.7   0.133333333 -0.00000044  0.00000000  9.80106400
      98    2  3 2017    10 25 58.000  1    6361244.048 6386784.813      50.558  -2.5   3.7   0.133333333 -0.00000044  0.00000000  9.80106401
      99    2  3 2017    10 25 59.000  1    6361244.048 6386784.813      50.558  -2.5   3.7   0.133333333 -0.00000044  0.00000000  9.80106400
     100    2  3 2017    10 26  0.000  1    6361244.048 6386784.813      50.558  -2.5   3.7   0.133333333 -0.00000044  0.00000000  9.80106400
     101    2  3 2017    10 26  1.000  1    6361244.048 6386784.813      50.558  -2.5   3.7   0.133333333 -0.00000044  0.00000000  9.80106401
     102    2  3 2017    10 26  2.000  1    6361244.048 6386784.813      50.558  -2.5   3.7   0.133333333 -0.00000044  0.00000000  9.80106401
     103    2  3 2017    10 26  3.000  1    6361244.048 6386784.813      50.558  -2.5   3.7   0.133333333 -0.00000044  0.00000000  9.80106400
     104    2  3 2017    10 26  4.000  1    6361244.048 6386784.813      50.558  -2.5   3.7   0.133333333 -0.00000044  0.00000000  9.80106401
     105    2  3 2017    10 26  5.000  1    6361244.048 6386784.813      50.558  -2.5   3.7   0.133333333 -0.00000044  0.00000000  9.80106401
     106    2  3 2017    10 26  6.000  1    6361244.048 6386784.813      50.558  -2.5   3.7   0.133333333 -0.00000044  0.00000000  9.80106402
     107    2  3 2017    10 26  7.000  1    6361244.048 6386784.813      50.558  -2.5   3.7   0.133333333 -0.00000044  0.00000000  9.80106398
     108    2  3 2017    10 26  8.000  1    6361244.048 6386784.813      50.558  -2.5   3.7   0.133333333 -0.00000044  0.00000000  9.80106399
     109    2  3 2017    10 26  9.000  1    6361244.048 6386784.813      50.558  -2.5   3.7   0.133333333 -0.00000044  0.00000000  9.80106398
     110    2  3 2017    10 26 10.000  1    6361244.048 6386784.813      50.558  -2.5   3.7   0.133333333 -0.00000044  0.00000000  9.80106398
     111    2  3 2017    10 26 11.000  1    6361244.048 6386784.813      50.558  -2.5   3.7   0.133333333 -0.00000044  0.00000000  9.80106401
     112    2  3 2017    10 26 12.000  1    6361244.048 6386784.813      50.558  -2.5   3.7   0.133333333 -0.00000044  0.00000000  9.80106399
     113    2  3 2017    10 26 13.000  1    6361244.048 6386784.813      50.558  -2.5   3.7   0.133333333 -0.00000044  0.00000000  9.80106400
     114    2  3 2017    10 26 14.000  1    6361244.048 6386784.813      50.558  -2.5   3.7   0.133333333 -0.00000044  0.00000000  9.80106400
     115    2  3 2017    10 26 15.000  1    6361244.047 6386784.813      50.558  -2.5   3.7   0.133333333 -0.00000044  0.00000000  9.80106395
     116    2  3 2017    10 26 16.000  1    6361244.046 6386784.813      50.558  -2.5   3.7   0.133333333 -0.00000044  0.00000000  9.80106395
     117    2  3 2017    10 26 17.000  1    6361244.044 6386784.812      50.558  -2.5   3.7   0.133333333 -0.00000044  0.00000000  9.80106407
     118    2  3 2017    10 26 18.000  1    6361244.042 6386784.812      50.558  -2.5   3.7   0.133333333 -0.00000044  0.00000000  9.80106412
     119    2  3 2017    10 26 19.000  1    6361244.040 6386784.811      50.558  -2.5   3.7   0.133333333 -0.00000044  0.00000000  9.80106405
     120    2  3 2017    10 26 20.000  1    6361244.038 6386784.810      50.558  -2.5   3.7   0.133333333 -0.00000044  0.00000000  9.80106402
     121    2  3 2017    10 26 21.000  1    6361244.035 6386784.809      50.558  -2.5   3.7   0.133333333 -0.00000044  0.00000000  9.80106411
     122    2  3 2017    10 26 22.000  1    6361244.032 6386784.808      50.558  -2.5   3.7   0.133333333 -0.00000044  0.00000000  9.80106417
     123    2  3 2017    10 26 23.000  1    6361244.030 6386784.807      50.557  -2.5   3.7   0.133333333 -0.00000044  0.00000000  9.80106408
     124    2  3 2017    10 26 24.000  1    6361244.027 6386784.807      50.557  -2.5   3.7   0.133333333 -0.00000044  0.00000000  9.80106404
     125    2  3 2017    10 26 25.000  1    6361244.025 6386784.806      50.557  -2.5   3.7   0.133333333 -0.00000044  0.00000000  9.80106405
     126    2  3 2017    10 26 26.000  1    6361244.023 6386784.805      50.557  -2.5   3.7   0.133333333 -0.00000044  0.00000000  9.80106399
     127    2  3 2017    10 26 27.000  1    6361244.020 6386784.804      50.557  -2.5   3.7   0.133333333 -0.00000044  0.00000000  9.80106401
     128    2  3 2017    10 26 28.000  1    6361244.019 6386784.804      50.557  -2.5   3.7   0.133333333 -0.00000044  0.00000000  9.80106391
     129    2  3 2017    10 26 29.000  1    6361244.017 6386784.803      50.557  -2.5   3.7   0.133333333 -0.00000044  0.00000000  9.80106408
     130    2  3 2017    10 26 30.000  1    6361244.015 6386784.802      50.557  -2.5   3.7   0.133333333 -0.00000044  0.00000000  9.80106396
     131    2  3 2017    10 26 31.000  1    6361244.013 6386784.802      50.557  -2.5   3.7   0.133333333 -0.00000044  0.00000000  9.80106395
     132    2  3 2017    10 26 32.000  1    6361244.012 6386784.801      50.557  -2.5   3.7   0.133333333 -0.00000044  0.00000000  9.80106399
     133    2  3 2017    10 26 33.000  1    6361244.012 6386784.801      50.557  -2.5   3.7   0.133333333 -0.00000044  0.00000000  9.80106400
     134    2  3 2017    10 26 34.000  1    6361244.012 6386784.801      50.557  -2.5   3.7   0.133333333 -0.00000044  0.00000000  9.80106401
     135    2  3 2017    10 26 35.000  1    6361244.012 6386784.801      50.557  -2.5   3.7   0.133333333 -0.00000044  0.00000000  9.80106399
     136    2  3 2017    10 26 36.000  1    6361244.013 6386784.802      50.557  -2.5   3.7   0.133333333 -0.00000044  0.00000000  9.80106397
     137    2  3 2017    10 26 37.000  1    6361244.013 6386784.802      50.557  -2.5   3.7   0.133333333 -0.00000044  0.00000000  9.80106396
     138    2  3 2017    10 26 38.000  1    6361244.011 6386784.801      50.557  -2.5   3.7   0.133333333 -0.00000044  0.00000000  9.80106404
     139    2  3 2017    10 26 39.000  1    6361244.010 6386784.801      50.557  -2.5   3.7   0.133333333 -0.00000044  0.00000000  9.80106398
     140    2  3 2017    10 26 40.000  1    6361244.009 6386784.800      50.557  -2.5   3.7   0.133333333 -0.00000044  0.00000000  9.80106402
     141    2  3 2017    10 26 41.000  1    6361244.009 6386784.800      50.557  -2.5   3.7   0.133333333 -0.00000044  0.00000000  9.80106401
     142    2  3 2017    10 26 42.000  1    6361244.009 6386784.800      50.557  -2.5   3.7   0.133333333 -0.00000044  0.00000000  9.80106404
     143    2  3 2017    10 26 43.000  1    6361244.009 6386784.800      50.557  -2.5   3.7   0.133333333 -0.00000044  0.00000000  9.80106402
     144    2  3 2017    10 26 44.000  1    6361244.009 6386784.800      50.557  -2.5   3.7   0.133333333 -0.00000044  0.00000000  9.80106401
     145    2  3 2017    10 26 45.000  1    6361244.009 6386784.800      50.557  -2.5   3.7   0.133333333 -0.00000044  0.00000000  9.80106404
     146    2  3 2017    10 26 46.000  1    6361244.009 6386784.800      50.557  -2.5   3.7   0.133333333 -0.00000044  0.00000000  9.80106403
     147    2  3 2017    10 26 47.000  1    6361244.008 6386784.800      50.557  -2.5   3.7   0.133333333 -0.00000044  0.00000000  9.80106403
     148    2  3 2017    10 26 48.000  1    6361244.009 6386784.800      50.557  -2.5   3.7   0.133333333 -0.00000044  0.00000000  9.80106407
     149    2  3 2017    10 26 49.000  1    6361244.009 6386784.800      50.557  -2.5   3.7   0.133333333 -0.00000044  0.00000000  9.80106405
     150    2  3 2017    10 26 50.000  1    6361244.009 6386784.800      50.557  -2.5   3.7   0.133333333 -0.00000044  0.00000000  9.80106404
     151    2  3 2017    10 26 51.000  1    6361244.009 6386784.800      50.557  -2.5   3.7   0.133333333 -0.00000044  0.00000000  9.80106402
     152    2  3 2017    10 26 52.000  1    6361244.009 6386784.800      50.557  -2.5   3.7   0.133333333 -0.00000044  0.00000000  9.80106404
     153    2  3 2017    10 26 53.000  1    6361244.009 6386784.800      50.557  -2.5   3.7   0.133333333 -0.00000044  0.00000000  9.80106401
     154    2  3 2017    10 26 54.000  1    6361244.009 6386784.800      50.557  -2.5   3.7   0.133333333 -0.00000044  0.00000000  9.80106403
     155    2  3 2017    10 26 55.000  1    6361244.009 6386784.800      50.557  -2.5   3.7   0.133333333 -0.00000044  0.00000000  9.80106403
     156    2  3 2017    10 26 56.000  1    6361244.009 6386784.800      50.557  -2.5   3.7   0.133333333 -0.00000044  0.00000000  9.80106403
     157    2  3 2017    10 26 57.000  1    6361244.009 6386784.800      50.557  -2.5   3.7   0.133333333 -0.00000044  0.00000000  9.80106405
     158    2  3 2017    10 26 58.000  1    6361244.009 6386784.800      50.557  -2.5   3.7   0.133333333 -0.00000044  0.00000000  9.80106403
     159    2  3 2017    10 26 59.000  1    6361244.009 6386784.800      50.557  -2.5   3.7   0.133333333 -0.00000044  0.00000000  9.80106401
     160    2  3 2017    10 27  0.000  1    6361244.009 6386784.800      50.557  -2.5   3.7   0.133333333 -0.00000044  0.00000000  9.80106404
     161    2  3 2017    10 27  1.000  1    6361244.009 6386784.800      50.557  -2.5   3.7   0.133333333 -0.00000044  0.00000000  9.80106405
     162    2  3 2017    10 27  2.000  1    6361244.009 6386784.800      50.557  -2.5   3.7   0.133333333 -0.00000044  0.00000000  9.80106400
     163    2  3 2017    10 27  3.000  1    6361244.008 6386784.800      50.557  -2.5   3.7   0.133333333 -0.00000044  0.00000000  9.80106396
     164    2  3 2017    10 27  4.000  1    6361244.007 6386784.800      50.557  -2.5   3.7   0.133333333 -0.00000044  0.00000000  9.80106394
     165    2  3 2017    10 27  5.000  1    6361244.003 6386784.799      50.557  -2.5   3.7   0.133333333 -0.00000044  0.00000000  9.80106398
     166    2  3 2017    10 27  6.000  1    6361244.000 6386784.797      50.557  -2.5   3.7   0.133333333 -0.00000044  0.00000000  9.80106405
     167    2  3 2017    10 27  7.000  1    6361243.997 6386784.796      50.557  -2.5   3.7   0.133333333 -0.00000044  0.00000000  9.80106399
     168    2  3 2017    10 27  8.000  1    6361243.995 6386784.796      50.557  -2.5   3.7   0.133333333 -0.00000044  0.00000000  9.80106402
     169    2  3 2017    10 27  9.000  1    6361243.991 6386784.795      50.557  -2.5   3.7   0.133333333 -0.00000044  0.00000000  9.80106402
     170    2  3 2017    10 27 10.000  1    6361243.988 6386784.793      50.557  -2.5   3.7   0.133333333 -0.00000044  0.00000000  9.80106401
     171    2  3 2017    10 27 11.000  1    6361243.985 6386784.792      50.557  -2.5   3.7   0.133333333 -0.00000044  0.00000000  9.80106396
     172    2  3 2017    10 27 12.000  1    6361243.982 6386784.791      50.557  -2.5   3.7   0.133333333 -0.00000044  0.00000000  9.80106407
     173    2  3 2017    10 27 13.000  1    6361243.979 6386784.790      50.557  -2.5   3.7   0.133333333 -0.00000044  0.00000000  9.80106409
     174    2  3 2017    10 27 14.000  1    6361243.976 6386784.789      50.557  -2.5   3.7   0.133333333 -0.00000044  0.00000000  9.80106408
     175    2  3 2017    10 27 15.000  1    6361243.973 6386784.788      50.557  -2.5   3.7   0.133333333 -0.00000044  0.00000000  9.80106406
     176    2  3 2017    10 27 16.000  1    6361243.971 6386784.788      50.557  -2.5   3.7   0.133333333 -0.00000044  0.00000000  9.80106399
     177    2  3 2017    10 27 17.000  1    6361243.971 6386784.788      50.557  -2.5   3.7   0.133333333 -0.00000044  0.00000000  9.80106409
     178    2  3 2017    10 27 18.000  1    6361243.971 6386784.788      50.557  -2.5   3.7   0.133333333 -0.00000044  0.00000000  9.80106407
     179    2  3 2017    10 27 19.000  1    6361243.971 6386784.788      50.557  -2.5   3.7   0.133333333 -0.00000044  0.00000000  9.80106405
     180    2  3 2017    10 27 20.000  1    6361243.971 6386784.788      50.557  -2.5   3.7   0.133333333 -0.00000044  0.00000000  9.80106406
     181    2  3 2017    10 27 21.000  1    6361243.971 6386784.788      50.557  -2.5   3.7   0.133333333 -0.00000044  0.00000000  9.80106406
     182    2  3 2017    10 27 22.000  1    6361243.971 6386784.788      50.557  -2.5   3.7   0.133333333 -0.00000044  0.00000000  9.80106402
     183    2  3 2017    10 27 23.000  1    6361243.971 6386784.788      50.557  -2.5   3.7   0.133333333 -0.00000044  0.00000000  9.80106402
     184    2  3 2017    10 27 24.000  1    6361243.971 6386784.788      50.557  -2.5   3.7   0.133333333 -0.00000044  0.00000000  9.80106402
     185    2  3 2017    10 27 25.000  1    6361243.971 6386784.788      50.557  -2.5   3.7   0.133333333 -0.00000044  0.00000000  9.80106402
     186    2  3 2017    10 27 26.000  1    6361243.971 6386784.788      50.557  -2.5   3.7   0.133333333 -0.00000044  0.00000000  9.80106405
     187    2  3 2017    10 27 27.000  1    6361243.971 6386784.788      50.557  -2.5   3.7   0.133333333 -0.00000044  0.00000000  9.80106404
     188    2  3 2017    10 27 28.000  1    6361243.971 6386784.788      50.557  -2.5   3.7   0.133333333 -0.00000044  0.00000000  9.80106405
     189    2  3 2017    10 27 29.000  1    6361243.971 6386784.788      50.557  -2.5   3.7   0.133333333 -0.00000044  0.00000000  9.80106404
     190    2  3 2017    10 27 30.000  1    6361243.971 6386784.788      50.557  -2.5   3.7   0.133333333 -0.00000044  0.00000000  9.80106406
     191    2  3 2017    10 27 31.000  1    6361243.971 6386784.788      50.557  -2.5   3.7   0.133333333 -0.00000044  0.00000000  9.80106404
     192    2  3 2017    10 27 32.000  1    6361243.971 6386784.788      50.557  -2.5   3.7   0.133333333 -0.00000044  0.00000000  9.80106403
     193    2  3 2017    10 27 33.000  1    6361243.971 6386784.788      50.557  -2.5   3.7   0.133333333 -0.00000044  0.00000000  9.80106405
     194    2  3 2017    10 27 34.000  1    6361243.971 6386784.788      50.557  -2.5   3.7   0.133333333 -0.00000044  0.00000000  9.80106406
     195    2  3 2017    10 27 35.000  1    6361243.970 6386784.787      50.557  -2.5   3.7   0.133333333 -0.00000044  0.00000000  9.80106401
     196    2  3 2017    10 27 36.000  1    6361243.968 6386784.787      50.557  -2.5   3.7   0.133333333 -0.00000044  0.00000000  9.80106406
     197    2  3 2017    10 27 37.000  1    6361243.964 6386784.785      50.557  -2.5   3.7   0.133333333 -0.00000044  0.00000000  9.80106413
     198    2  3 2017    10 27 38.000  1    6361243.961 6386784.784      50.557  -2.5   3.7   0.133333333 -0.00000044  0.00000000  9.80106398
     199    2  3 2017    10 27 39.000  1    6361243.958 6386784.783      50.557  -2.5   3.7   0.133333333 -0.00000044  0.00000000  9.80106407
     200    2  3 2017    10 27 40.000  1    6361243.954 6386784.782      50.557  -2.5   3.7   0.133333333 -0.00000044  0.00000000  9.80106402
     201    2  3 2017    10 27 41.000  1    6361243.949 6386784.780      50.557  -2.5   3.7   0.133333333 -0.00000044  0.00000000  9.80106396
     202    2  3 2017    10 27 42.000  1    6361243.945 6386784.779      50.557  -2.5   3.7   0.133333333 -0.00000044  0.00000000  9.80106401
     203    2  3 2017    10 27 43.000  1    6361243.941 6386784.778      50.557  -2.5   3.7   0.133333333 -0.00000044  0.00000000  9.80106407
     204    2  3 2017    10 27 44.000  1    6361243.937 6386784.776      50.557  -2.5   3.7   0.133333333 -0.00000044  0.00000000  9.80106401
     205    2  3 2017    10 27 45.000  1    6361243.934 6386784.775      50.557  -2.5   3.7   0.133333333 -0.00000044  0.00000000  9.80106401
     206    2  3 2017    10 27 46.000  1    6361243.932 6386784.775      50.557  -2.5   3.7   0.133333333 -0.00000044  0.00000000  9.80106398
     207    2  3 2017    10 27 47.000  1    6361243.932 6386784.775      50.557  -2.5   3.7   0.133333333 -0.00000044  0.00000000  9.80106401
     208    2  3 2017    10 27 48.000  1    6361243.932 6386784.775      50.557  -2.5   3.7   0.133333333 -0.00000044  0.00000000  9.80106399
     209    2  3 2017    10 27 49.000  1    6361243.932 6386784.775      50.557  -2.5   3.7   0.133333333 -0.00000044  0.00000000  9.80106399
     210    2  3 2017    10 27 50.000  1    6361243.932 6386784.775      50.557  -2.5   3.7   0.133333333 -0.00000044  0.00000000  9.80106403
     211    2  3 2017    10 27 51.000  1    6361243.931 6386784.774      50.557  -2.5   3.7   0.133333333 -0.00000044  0.00000000  9.80106400
     212    2  3 2017    10 27 52.000  1    6361243.930 6386784.774      50.557  -2.5   3.7   0.133333333 -0.00000044  0.00000000  9.80106400
     213    2  3 2017    10 27 53.000  1    6361243.930 6386784.774      50.557  -2.5   3.7   0.133333333 -0.00000044  0.00000000  9.80106403
     214    2  3 2017    10 27 54.000  1    6361243.930 6386784.774      50.557  -2.5   3.7   0.133333333 -0.00000044  0.00000000  9.80106402
     215    2  3 2017    10 27 55.000  1    6361243.930 6386784.774      50.557  -2.5   3.7   0.133333333 -0.00000044  0.00000000  9.80106401
     216    2  3 2017    10 27 56.000  1    6361243.930 6386784.774      50.557  -2.5   3.7   0.133333333 -0.00000044  0.00000000  9.80106399
     217    2  3 2017    10 27 57.000  1    6361243.930 6386784.774      50.557  -2.5   3.7   0.133333333 -0.00000044  0.00000000  9.80106399
     218    2  3 2017    10 27 58.000  1    6361243.930 6386784.774      50.557  -2.5   3.7   0.133333333 -0.00000044  0.00000000  9.80106400
     219    2  3 2017    10 27 59.000  1    6361243.930 6386784.774      50.557  -2.5   3.7   0.133333333 -0.00000044  0.00000000  9.80106399
     220    2  3 2017    10 28  0.000  1    6361243.930 6386784.774      50.557  -2.5   3.7   0.133333333 -0.00000044  0.00000000  9.80106403
     221    2  3 2017    10 28  1.000  1    6361243.930 6386784.774      50.557  -2.5   3.7   0.133333333 -0.00000044  0.00000000  9.80106399
     222    2  3 2017    10 28  2.000  1    6361243.930 6386784.774      50.557  -2.5   3.7   0.133333333 -0.00000044  0.00000000  9.80106400
     223    2  3 2017    10 28  3.000  1    6361243.930 6386784.774      50.557  -2.5   3.7   0.133333333 -0.00000044  0.00000000  9.80106403
     224    2  3 2017    10 28  4.000  1    6361243.930 6386784.774      50.557  -2.5   3.7   0.133333333 -0.00000044  0.00000000  9.80106402
     225    2  3 2017    10 28  5.000  1    6361243.930 6386784.774      50.557  -2.5   3.7   0.133333333 -0.00000044  0.00000000  9.80106400
     226    2  3 2017    10 28  6.000  1    6361243.930 6386784.774      50.557  -2.5   3.7   0.133333333 -0.00000044  0.00000000  9.80106401
     227    2  3 2017    10 28  7.000  1    6361243.930 6386784.774      50.557  -2.5   3.7   0.133333333 -0.00000044  0.00000000  9.80106401
     228    2  3 2017    10 28  8.000  1    6361243.929 6386784.774      50.557  -2.5   3.7   0.133333333 -0.00000044  0.00000000  9.80106396
     229    2  3 2017    10 28  9.000  1    6361243.927 6386784.773      50.557  -2.5   3.7   0.133333333 -0.00000044  0.00000000  9.80106401
     230    2  3 2017    10 28 10.000  1    6361243.924 6386784.772      50.557  -2.5   3.7   0.133333333 -0.00000044  0.00000000  9.80106399
     231    2  3 2017    10 28 11.000  1    6361243.921 6386784.771      50.557  -2.5   3.7   0.133333333 -0.00000044  0.00000000  9.80106400
     232    2  3 2017    10 28 12.000  1    6361243.917 6386784.770      50.557  -2.5   3.7   0.133333333 -0.00000044  0.00000000  9.80106401
     233    2  3 2017    10 28 13.000  1    6361243.914 6386784.769      50.557  -2.5   3.7   0.133333333 -0.00000044  0.00000000  9.80106405
     234    2  3 2017    10 28 14.000  1    6361243.911 6386784.768      50.557  -2.5   3.7   0.133333333 -0.00000044  0.00000000  9.80106405
     235    2  3 2017    10 28 15.000  1    6361243.908 6386784.767      50.557  -2.5   3.7   0.133333333 -0.00000044  0.00000000  9.80106407
     236    2  3 2017    10 28 16.000  1    6361243.904 6386784.765      50.557  -2.5   3.7   0.133333333 -0.00000044  0.00000000  9.80106409
     237    2  3 2017    10 28 17.000  1    6361243.901 6386784.764      50.557  -2.5   3.7   0.133333333 -0.00000044  0.00000000  9.80106413
     238    2  3 2017    10 28 18.000  1    6361243.898 6386784.763      50.557  -2.5   3.7   0.133333333 -0.00000044  0.00000000  9.80106412
     239    2  3 2017    10 28 19.000  1    6361243.895 6386784.762      50.557  -2.5   3.7   0.133333333 -0.00000044  0.00000000  9.80106416
     240    2  3 2017    10 28 20.000  1    6361243.892 6386784.761      50.557  -2.5   3.7   0.133333333 -0.00000044  0.00000000  9.80106431
     241    2  3 2017    10 28 21.000  1    6361243.891 6386784.761      50.557  -2.5   3.7   0.133333333 -0.00000044  0.00000000  9.80106436
     242    2  3 2017    10 28 22.000  1    6361243.890 6386784.761      50.557  -2.5   3.7   0.133333333 -0.00000044  0.00000000  9.80106436
     243    2  3 2017    10 28 23.000  1    6361243.890 6386784.761      50.557  -2.5   3.7   0.133333333 -0.00000044  0.00000000  9.80106434
     244    2  3 2017    10 28 24.000  1    6361243.890 6386784.761      50.557  -2.5   3.7   0.133333333 -0.00000044  0.00000000  9.80106433
     245    2  3 2017    10 28 25.000  1    6361243.890 6386784.761      50.557  -2.5   3.7   0.133333333 -0.00000044  0.00000000  9.80106432
     246    2  3 2017    10 28 26.000  1    6361243.890 6386784.761      50.557  -2.5   3.7   0.133333333 -0.00000044  0.00000000  9.80106430
     247    2  3 2017    10 28 27.000  1    6361243.890 6386784.761      50.557  -2.5   3.7   0.133333333 -0.00000044  0.00000000  9.80106431
     248    2  3 2017    10 28 28.000  1    6361243.890 6386784.761      50.557  -2.5   3.7   0.133333333 -0.00000044  0.00000000  9.80106431
     249    2  3 2017    10 28 29.000  1    6361243.890 6386784.761      50.557  -2.5   3.7   0.133333333 -0.00000044  0.00000000  9.80106432
     250    2  3 2017    10 28 30.000  1    6361243.890 6386784.761      50.557  -2.5   3.7   0.133333333 -0.00000044  0.00000000  9.80106432
     251    2  3 2017    10 28 31.000  1    6361243.890 6386784.761      50.557  -2.5   3.7   0.133333333 -0.00000044  0.00000000  9.80106430
     252    2  3 2017    10 28 32.000  1    6361243.890 6386784.761      50.557  -2.5   3.7   0.133333333 -0.00000044  0.00000000  9.80106432
     253    2  3 2017    10 28 33.000  1    6361243.890 6386784.761      50.557  -2.5   3.7   0.133333333 -0.00000044  0.00000000  9.80106433
     254    2  3 2017    10 28 34.000  1    6361243.890 6386784.761      50.557  -2.5   3.7   0.133333333 -0.00000044  0.00000000  9.80106428
     255    2  3 2017    10 28 35.000  1    6361243.890 6386784.761      50.557  -2.5   3.7   0.133333333 -0.00000044  0.00000000  9.80106433
     256    2  3 2017    10 28 36.000  1    6361243.890 6386784.760      50.557  -2.5   3.7   0.133333333 -0.00000044  0.00000000  9.80106431
     257    2  3 2017    10 28 37.000  1    6361243.888 6386784.760      50.557  -2.5   3.7   0.133333333 -0.00000044  0.00000000  9.80106422
     258    2  3 2017    10 28 38.000  1    6361243.886 6386784.759      50.557  -2.5   3.7   0.133333333 -0.00000044  0.00000000  9.80106418
     259    2  3 2017    10 28 39.000  1    6361243.883 6386784.758      50.557  -2.5   3.7   0.133333333 -0.00000044  0.00000000  9.80106421
     260    2  3 2017    10 28 40.000  1    6361243.880 6386784.757      50.557  -2.5   3.7   0.133333333 -0.00000044  0.00000000  9.80106415
     261    2  3 2017    10 28 41.000  1    6361243.876 6386784.756      50.557  -2.5   3.7   0.133333333 -0.00000044  0.00000000  9.80106410
     262    2  3 2017    10 28 42.000  1    6361243.873 6386784.755      50.557  -2.5   3.7   0.133333333 -0.00000044  0.00000000  9.80106421
     263    2  3 2017    10 28 43.000  1    6361243.869 6386784.754      50.557  -2.5   3.7   0.133333333 -0.00000044  0.00000000  9.80106427
     264    2  3 2017    10 28 44.000  1    6361243.867 6386784.753      50.557  -2.5   3.7   0.133333333 -0.00000044  0.00000000  9.80106430
     265    2  3 2017    10 28 45.000  1    6361243.864 6386784.752      50.557  -2.5   3.7   0.133333333 -0.00000044  0.00000000  9.80106415
     266    2  3 2017    10 28 46.000  1    6361243.861 6386784.751      50.557  -2.5   3.7   0.133333333 -0.00000044  0.00000000  9.80106420
     267    2  3 2017    10 28 47.000  1    6361243.858 6386784.750      50.557  -2.5   3.7   0.133333333 -0.00000044  0.00000000  9.80106434
     268    2  3 2017    10 28 48.000  1    6361243.854 6386784.749      50.557  -2.5   3.7   0.133333333 -0.00000044  0.00000000  9.80106427
     269    2  3 2017    10 28 49.000  1    6361243.853 6386784.748      50.557  -2.5   3.7   0.133333333 -0.00000044  0.00000000  9.80106424
     270    2  3 2017    10 28 50.000  1    6361243.851 6386784.748      50.557  -2.5   3.7   0.133333333 -0.00000044  0.00000000  9.80106417
     271    2  3 2017    10 28 51.000  1    6361243.851 6386784.747      50.557  -2.5   3.7   0.133333333 -0.00000044  0.00000000  9.80106423
     272    2  3 2017    10 28 52.000  1    6361243.851 6386784.747      50.557  -2.5   3.7   0.133333333 -0.00000044  0.00000000  9.80106420
     273    2  3 2017    10 28 53.000  1    6361243.851 6386784.747      50.557  -2.5   3.7   0.133333333 -0.00000044  0.00000000  9.80106425
     274    2  3 2017    10 28 54.000  1    6361243.851 6386784.747      50.557  -2.5   3.7   0.133333333 -0.00000044  0.00000000  9.80106429
     275    2  3 2017    10 28 55.000  1    6361243.852 6386784.748      50.557  -2.5   3.7   0.133333333 -0.00000044  0.00000000  9.80106429
     276    2  3 2017    10 28 56.000  1    6361243.852 6386784.748      50.557  -2.5   3.7   0.133333333 -0.00000044  0.00000000  9.80106429
     277    2  3 2017    10 28 57.000  1    6361243.852 6386784.748      50.557  -2.5   3.7   0.133333333 -0.00000044  0.00000000  9.80106423
     278    2  3 2017    10 28 58.000  1    6361243.853 6386784.748      50.557  -2.5   3.7   0.133333333 -0.00000044  0.00000000  9.80106420
     279    2  3 2017    10 28 59.000  1    6361243.853 6386784.748      50.557  -2.5   3.7   0.133333333 -0.00000044  0.00000000  9.80106421
     280    2  3 2017    10 29  0.000  1    6361243.853 6386784.748      50.557  -2.5   3.7   0.133333333 -0.00000044  0.00000000  9.80106420
     281    2  3 2017    10 29  1.000  1    6361243.853 6386784.748      50.557  -2.5   3.7   0.133333333 -0.00000044  0.00000000  9.80106420
     282    2  3 2017    10 29  2.000  1    6361243.853 6386784.748      50.557  -2.5   3.7   0.133333333 -0.00000044  0.00000000  9.80106421
     283    2  3 2017    10 29  3.000  1    6361243.853 6386784.748      50.557  -2.5   3.7   0.133333333 -0.00000044  0.00000000  9.80106419
     284    2  3 2017    10 29  4.000  1    6361243.853 6386784.748      50.557  -2.5   3.7   0.133333333 -0.00000044  0.00000000  9.80106420
     285    2  3 2017    10 29  5.000  1    6361243.853 6386784.748      50.557  -2.5   3.7   0.133333333 -0.00000044  0.00000000  9.80106419
     286    2  3 2017    10 29  6.000  1    6361243.853 6386784.748      50.557  -2.5   3.7   0.133333333 -0.00000044  0.00000000  9.80106419
     287    2  3 2017    10 29  7.000  1    6361243.853 6386784.748      50.557  -2.5   3.7   0.133333333 -0.00000044  0.00000000  9.80106421
     288    2  3 2017    10 29  8.000  1    6361243.853 6386784.748      50.557  -2.5   3.7   0.133333333 -0.00000044  0.00000000  9.80106420
     289    2  3 2017    10 29  9.000  1    6361243.853 6386784.748      50.557  -2.5   3.7   0.133333333 -0.00000044  0.00000000  9.80106422
     290    2  3 2017    10 29 10.000  1    6361243.852 6386784.748      50.557  -2.5   3.7   0.133333333 -0.00000044  0.00000000  9.80106417
     291    2  3 2017    10 29 11.000  1    6361243.849 6386784.747      50.557  -2.5   3.7   0.133333333 -0.00000044  0.00000000  9.80106416
     292    2  3 2017    10 29 12.000  1    6361243.847 6386784.746      50.557  -2.5   3.7   0.133333333 -0.00000044  0.00000000  9.80106426
     293    2  3 2017    10 29 13.000  1    6361243.844 6386784.745      50.557  -2.5   3.7   0.133333333 -0.00000044  0.00000000  9.80106424
     294    2  3 2017    10 29 14.000  1    6361243.841 6386784.744      50.557  -2.5   3.7   0.133333333 -0.00000044  0.00000000  9.80106426
     295    2  3 2017    10 29 15.000  1    6361243.839 6386784.743      50.556  -2.5   3.7   0.133333333 -0.00000044  0.00000000  9.80106433
     296    2  3 2017    10 29 16.000  1    6361243.837 6386784.743      50.556  -2.5   3.7   0.133333333 -0.00000044  0.00000000  9.80106429
     297    2  3 2017    10 29 17.000  1    6361243.834 6386784.742      50.556  -2.5   3.7   0.133333333 -0.00000044  0.00000000  9.80106436
     298    2  3 2017    10 29 18.000  1    6361243.832 6386784.741      50.556  -2.5   3.7   0.133333333 -0.00000044  0.00000000  9.80106448
     299    2  3 2017    10 29 19.000  1    6361243.816 6386784.736      50.556  -2.5   3.7   0.133333333 -0.00000044  0.00000000  9.80106438
     300    2  3 2017    10 29 20.000  1    6361243.814 6386784.735      50.556  -2.5   3.7   0.133333333 -0.00000044  0.00000000  9.80106437
     301    2  3 2017    10 29 21.000  1    6361243.814 6386784.735      50.556  -2.5   3.7   0.133333333 -0.00000044  0.00000000  9.80106440
     302    2  3 2017    10 29 22.000  1    6361243.815 6386784.735      50.556  -2.5   3.7   0.133333333 -0.00000044  0.00000000  9.80106436
     303    2  3 2017    10 29 23.000  1    6361243.814 6386784.735      50.556  -2.5   3.7   0.133333333 -0.00000044  0.00000000  9.80106435
     304    2  3 2017    10 29 24.000  1    6361243.814 6386784.735      50.556  -2.5   3.7   0.133333333 -0.00000044  0.00000000  9.80106438
     305    2  3 2017    10 29 25.000  1    6361243.814 6386784.735      50.556  -2.5   3.7   0.133333333 -0.00000044  0.00000000  9.80106434
     306    2  3 2017    10 29 26.000  1    6361243.814 6386784.735      50.556  -2.5   3.7   0.133333333 -0.00000044  0.00000000  9.80106437
     307    2  3 2017    10 29 27.000  1    6361243.814 6386784.735      50.556  -2.5   3.7   0.133333333 -0.00000044  0.00000000  9.80106437
     308    2  3 2017    10 29 28.000  1    6361243.814 6386784.735      50.556  -2.5   3.7   0.133333333 -0.00000044  0.00000000  9.80106438
     309    2  3 2017    10 29 29.000  1    6361243.814 6386784.735      50.556  -2.5   3.7   0.133333333 -0.00000044  0.00000000  9.80106435
     310    2  3 2017    10 29 30.000  1    6361243.814 6386784.735      50.556  -2.5   3.7   0.133333333 -0.00000044  0.00000000  9.80106436
     311    2  3 2017    10 29 31.000  1    6361243.814 6386784.735      50.556  -2.5   3.7   0.133333333 -0.00000044  0.00000000  9.80106436
     312    2  3 2017    10 29 32.000  1    6361243.814 6386784.735      50.556  -2.5   3.7   0.133333333 -0.00000044  0.00000000  9.80106439
     313    2  3 2017    10 29 33.000  1    6361243.814 6386784.735      50.556  -2.5   3.7   0.133333333 -0.00000044  0.00000000  9.80106436
     314    2  3 2017    10 29 34.000  1    6361243.814 6386784.735      50.556  -2.5   3.7   0.133333333 -0.00000044  0.00000000  9.80106437
     315    2  3 2017    10 29 35.000  1    6361243.814 6386784.735      50.556  -2.5   3.7   0.133333333 -0.00000044  0.00000000  9.80106439
     316    2  3 2017    10 29 36.000  1    6361243.814 6386784.735      50.556  -2.5   3.7   0.133333333 -0.00000044  0.00000000  9.80106439
     317    2  3 2017    10 29 37.000  1    6361243.814 6386784.735      50.556  -2.5   3.7   0.133333333 -0.00000044  0.00000000  9.80106439
     318    2  3 2017    10 29 38.000  1    6361243.814 6386784.735      50.556  -2.5   3.7   0.133333333 -0.00000044  0.00000000  9.80106439
     319    2  3 2017    10 29 39.000  1    6361243.814 6386784.735      50.556  -2.5   3.7   0.133333333 -0.00000044  0.00000000  9.80106437
     320    2  3 2017    10 29 40.000  1    6361243.814 6386784.735      50.556  -2.5   3.7   0.133333333 -0.00000044  0.00000000  9.80106436
     321    2  3 2017    10 29 41.000  1    6361243.814 6386784.735      50.556  -2.5   3.7   0.133333333 -0.00000044  0.00000000  9.80106436
     322    2  3 2017    10 29 42.000  1    6361243.814 6386784.735      50.556  -2.5   3.7   0.133333333 -0.00000044  0.00000000  9.80106435
     323    2  3 2017    10 29 43.000  1    6361243.814 6386784.735      50.556  -2.5   3.7   0.133333333 -0.00000044  0.00000000  9.80106435
     324    2  3 2017    10 29 44.000  1    6361243.814 6386784.735      50.556  -2.5   3.7   0.133333333 -0.00000044  0.00000000  9.80106437
     325    2  3 2017    10 29 45.000  1    6361243.814 6386784.735      50.556  -2.5   3.7   0.133333333 -0.00000044  0.00000000  9.80106438
     326    2  3 2017    10 29 46.000  1    6361243.814 6386784.735      50.556  -2.5   3.7   0.133333333 -0.00000044  0.00000000  9.80106437
     327    2  3 2017    10 29 47.000  1    6361243.814 6386784.735      50.556  -2.5   3.7   0.133333333 -0.00000044  0.00000000  9.80106437
     328    2  3 2017    10 29 48.000  1    6361243.814 6386784.735      50.556  -2.5   3.7   0.133333333 -0.00000044  0.00000000  9.80106437
     329    2  3 2017    10 29 49.000  1    6361243.814 6386784.735      50.556  -2.5   3.7   0.133333333 -0.00000044  0.00000000  9.80106439
     330    2  3 2017    10 29 50.000  1    6361243.814 6386784.735      50.556  -2.5   3.7   0.133333333 -0.00000044  0.00000000  9.80106437
     331    2  3 2017    10 29 51.000  1    6361243.814 6386784.735      50.556  -2.5   3.7   0.133333333 -0.00000044  0.00000000  9.80106439
     332    2  3 2017    10 29 52.000  1    6361243.814 6386784.735      50.556  -2.5   3.7   0.133333333 -0.00000044  0.00000000  9.80106438
     333    2  3 2017    10 29 53.000  1    6361243.814 6386784.735      50.556  -2.5   3.7   0.133333333 -0.00000044  0.00000000  9.80106438
     334    2  3 2017    10 29 54.000  1    6361243.814 6386784.735      50.556  -2.5   3.7   0.133333333 -0.00000044  0.00000000  9.80106440
     335    2  3 2017    10 29 55.000  1    6361243.814 6386784.735      50.556  -2.5   3.7   0.133333333 -0.00000044  0.00000000  9.80106438
     336    2  3 2017    10 29 56.000  1    6361243.814 6386784.735      50.556  -2.5   3.7   0.133333333 -0.00000044  0.00000000  9.80106438
     337    2  3 2017    10 29 57.000  1    6361243.814 6386784.735      50.556  -2.5   3.7   0.133333333 -0.00000044  0.00000000  9.80106439
     338    2  3 2017    10 29 58.000  1    6361243.814 6386784.735      50.556  -2.5   3.7   0.133333333 -0.00000044  0.00000000  9.80106437
     339    2  3 2017    10 29 59.000  1    6361243.814 6386784.735      50.556  -2.5   3.7   0.133333333 -0.00000044  0.00000000  9.80106438
     340    2  3 2017    10 30  0.000  1    6361243.814 6386784.735      50.556  -2.5   3.7   0.133333333 -0.00000044  0.00000000  9.80106437
     341    2  3 2017    10 30  1.000  1    6361243.814 6386784.735      50.556  -2.5   3.7   0.133333333 -0.00000044  0.00000000  9.80106436
     342    2  3 2017    10 30  2.000  1    6361243.814 6386784.735      50.556  -2.5   3.7   0.133333333 -0.00000044  0.00000000  9.80106436
     343    2  3 2017    10 30  3.000  1    6361243.814 6386784.735      50.556  -2.5   3.7   0.133333333 -0.00000044  0.00000000  9.80106438
     344    2  3 2017    10 30  4.000  1    6361243.814 6386784.735      50.556  -2.5   3.7   0.133333333 -0.00000044  0.00000000  9.80106436
     345    2  3 2017    10 30  5.000  1    6361243.814 6386784.735      50.556  -2.5   3.7   0.133333333 -0.00000044  0.00000000  9.80106436
     346    2  3 2017    10 30  6.000  1    6361243.814 6386784.735      50.556  -2.5   3.7   0.133333333 -0.00000044  0.00000000  9.80106439
     347    2  3 2017    10 30  7.000  1    6361243.814 6386784.735      50.556  -2.5   3.7   0.133333333 -0.00000044  0.00000000  9.80106437
     348    2  3 2017    10 30  8.000  1    6361243.814 6386784.735      50.556  -2.5   3.7   0.133333333 -0.00000044  0.00000000  9.80106438
     349    2  3 2017    10 30  9.000  1    6361243.814 6386784.735      50.556  -2.5   3.7   0.133333333 -0.00000044  0.00000000  9.80106437
     350    2  3 2017    10 30 10.000  1    6361243.814 6386784.735      50.556  -2.5   3.7   0.133333333 -0.00000044  0.00000000  9.80106433
     351    2  3 2017    10 30 11.000  1    6361243.814 6386784.735      50.556  -2.5   3.7   0.133333333 -0.00000044  0.00000000  9.80106436
     352    2  3 2017    10 30 12.000  1    6361243.814 6386784.735      50.556  -2.5   3.7   0.133333333 -0.00000044  0.00000000  9.80106437
     353    2  3 2017    10 30 13.000  1    6361243.814 6386784.735      50.556  -2.5   3.7   0.133333333 -0.00000044  0.00000000  9.80106437
     354    2  3 2017    10 30 14.000  1    6361243.814 6386784.735      50.556  -2.5   3.7   0.133333333 -0.00000044  0.00000000  9.80106436
     355    2  3 2017    10 30 15.000  1    6361243.814 6386784.735      50.556  -2.5   3.7   0.133333333 -0.00000044  0.00000000  9.80106436
     356    2  3 2017    10 30 16.000  1    6361243.814 6386784.735      50.556  -2.5   3.7   0.133333333 -0.00000044  0.00000000  9.80106434
     357    2  3 2017    10 30 17.000  1    6361243.814 6386784.735      50.556  -2.5   3.7   0.133333333 -0.00000044  0.00000000  9.80106435
     358    2  3 2017    10 30 18.000  1    6361243.814 6386784.735      50.556  -2.5   3.7   0.133333333 -0.00000044  0.00000000  9.80106435
     359    2  3 2017    10 30 19.000  1    6361243.814 6386784.735      50.556  -2.5   3.7   0.133333333 -0.00000044  0.00000000  9.80106436
     360    2  3 2017    10 30 20.000  1    6361243.814 6386784.735      50.556  -2.5   3.7   0.133333333 -0.00000044  0.00000000  9.80106436
     361    2  3 2017    10 30 21.000  1    6361243.814 6386784.735      50.556  -2.5   3.7   0.133333333 -0.00000044  0.00000000  9.80106436
     362    2  3 2017    10 30 22.000  1    6361243.814 6386784.735      50.556  -2.5   3.7   0.133333333 -0.00000044  0.00000000  9.80106435
     363    2  3 2017    10 30 23.000  1    6361243.814 6386784.735      50.556  -2.5   3.7   0.133333333 -0.00000044  0.00000000  9.80106437
     364    2  3 2017    10 30 24.000  1    6361243.814 6386784.735      50.556  -2.5   3.7   0.133333333 -0.00000044  0.00000000  9.80106437
     365    2  3 2017    10 30 25.000  1    6361243.814 6386784.735      50.556  -2.5   3.7   0.133333333 -0.00000044  0.00000000  9.80106437
     366    2  3 2017    10 30 26.000  1    6361243.814 6386784.735      50.556  -2.5   3.7   0.133333333 -0.00000044  0.00000000  9.80106437
     367    2  3 2017    10 30 27.000  1    6361243.814 6386784.735      50.556  -2.5   3.7   0.133333333 -0.00000044  0.00000000  9.80106437
     368    2  3 2017    10 30 28.000  1    6361243.814 6386784.735      50.556  -2.5   3.7   0.133333333 -0.00000044  0.00000000  9.80106436
     369    2  3 2017    10 30 29.000  1    6361243.814 6386784.735      50.556  -2.5   3.7   0.133333333 -0.00000044  0.00000000  9.80106436
     370    2  3 2017    10 30 30.000  1    6361243.814 6386784.735      50.556  -2.5   3.7   0.133333333 -0.00000044  0.00000000  9.80106437
     371    2  3 2017    10 30 31.000  1    6361243.814 6386784.735      50.556  -2.5   3.7   0.133333333 -0.00000044  0.00000000  9.80106436
     372    2  3 2017    10 30 32.000  1    6361243.814 6386784.735      50.556  -2.5   3.7   0.133333333 -0.00000044  0.00000000  9.80106436
     373    2  3 2017    10 30 33.000  1    6361243.814 6386784.735      50.556  -2.5   3.7   0.133333333 -0.00000044  0.00000000  9.80106439
     374    2  3 2017    10 30 34.000  1    6361243.814 6386784.735      50.556  -2.5   3.7   0.133333333 -0.00000044  0.00000000  9.80106434
     375    2  3 2017    10 30 35.000  1    6361243.814 6386784.735      50.556  -2.5   3.7   0.133333333 -0.00000044  0.00000000  9.80106439
     376    2  3 2017    10 30 36.000  1    6361243.814 6386784.735      50.556  -2.5   3.7   0.133333333 -0.00000044  0.00000000  9.80106437
     377    2  3 2017    10 30 37.000  1    6361243.814 6386784.735      50.556  -2.5   3.7   0.133333333 -0.00000044  0.00000000  9.80106438
     378    2  3 2017    10 30 38.000  1    6361243.814 6386784.735      50.556  -2.5   3.7   0.133333333 -0.00000044  0.00000000  9.80106436
     379    2  3 2017    10 30 39.000  1    6361243.814 6386784.735      50.556  -2.5   3.7   0.133333333 -0.00000044  0.00000000  9.80106436
     380    2  3 2017    10 30 40.000  1    6361243.814 6386784.735      50.556  -2.5   3.7   0.133333333 -0.00000044  0.00000000  9.80106437
     381    2  3 2017    10 30 41.000  1    6361243.814 6386784.735      50.556  -2.5   3.7   0.133333333 -0.00000044  0.00000000  9.80106437
     382    2  3 2017    10 30 42.000  1    6361243.814 6386784.735      50.556  -2.5   3.7   0.133333333 -0.00000044  0.00000000  9.80106438
     383    2  3 2017    10 30 43.000  1    6361243.814 6386784.735      50.556  -2.5   3.7   0.133333333 -0.00000044  0.00000000  9.80106438
     384    2  3 2017    10 30 44.000  1    6361243.814 6386784.735      50.556  -2.5   3.7   0.133333333 -0.00000044  0.00000000  9.80106437
     385    2  3 2017    10 30 45.000  1    6361243.814 6386784.735      50.556  -2.5   3.7   0.133333333 -0.00000044  0.00000000  9.80106438
     386    2  3 2017    10 30 46.000  1    6361243.814 6386784.735      50.556  -2.5   3.7   0.133333333 -0.00000044  0.00000000  9.80106437
     387    2  3 2017    10 30 47.000  1    6361243.814 6386784.735      50.556  -2.5   3.7   0.133333333 -0.00000044  0.00000000  9.80106437
     388    2  3 2017    10 30 48.000  1    6361243.814 6386784.735      50.556  -2.5   3.7   0.133333333 -0.00000044  0.00000000  9.80106437
     389    2  3 2017    10 30 49.000  1    6361243.814 6386784.735      50.556  -2.5   3.7   0.133333333 -0.00000044  0.00000000  9.80106440
     390    2  3 2017    10 30 50.000  1    6361243.814 6386784.735      50.556  -2.5   3.7   0.133333333 -0.00000044  0.00000000  9.80106438
     391    2  3 2017    10 30 51.000  1    6361243.814 6386784.735      50.556  -2.5   3.7   0.133333333 -0.00000044  0.00000000  9.80106438
     392    2  3 2017    10 30 52.000  1    6361243.814 6386784.735      50.556  -2.5   3.7   0.133333333 -0.00000044  0.00000000  9.80106438
     393    2  3 2017    10 30 53.000  1    6361243.814 6386784.735      50.556  -2.5   3.7   0.133333333 -0.00000044  0.00000000  9.80106437
     394    2  3 2017    10 30 54.000  1    6361243.814 6386784.735      50.556  -2.5   3.7   0.133333333 -0.00000044  0.00000000  9.80106438
     395    2  3 2017    10 30 55.000  1    6361243.814 6386784.735      50.556  -2.5   3.7   0.133333333 -0.00000044  0.00000000  9.80106439
     396    2  3 2017    10 30 56.000  1    6361243.814 6386784.735      50.556  -2.5   3.7   0.133333333 -0.00000044  0.00000000  9.80106438
     397    2  3 2017    10 30 57.000  1    6361243.814 6386784.735      50.556  -2.5   3.7   0.133333333 -0.00000044  0.00000000  9.80106440
     398    2  3 2017    10 30 58.000  1    6361243.814 6386784.735      50.556  -2.5   3.7   0.133333333 -0.00000044  0.00000000  9.80106439
     399    2  3 2017    10 30 59.000  1    6361243.814 6386784.735      50.556  -2.5   3.7   0.133333333 -0.00000044  0.00000000  9.80106438
     400    2  3 2017    10 31  0.000  1    6361243.814 6386784.735      50.556  -2.5   3.7   0.133333333 -0.00000044  0.00000000  9.80106438
