       1    2  3 2017    10 31 30.000  1    6361243.814 6386784.735      50.556  -2.5   3.7   0.133333333 -0.00000044  0.00000000  9.80106437
       2    2  3 2017    10 31 31.000  1    6361243.814 6386784.735      50.556  -2.5   3.7   0.133333333 -0.00000044  0.00000000  9.80106434
       3    2  3 2017    10 31 32.000  1    6361243.814 6386784.735      50.556  -2.5   3.7   0.133333333 -0.00000044  0.00000000  9.80106437
       4    2  3 2017    10 31 33.000  1    6361243.814 6386784.735      50.556  -2.5   3.7   0.133333333 -0.00000044  0.00000000  9.80106436
       5    2  3 2017    10 31 34.000  1    6361243.814 6386784.735      50.556  -2.5   3.7   0.133333333 -0.00000044  0.00000000  9.80106435
       6    2  3 2017    10 31 35.000  1    6361243.814 6386784.735      50.556  -2.5   3.7   0.133333333 -0.00000044  0.00000000  9.80106437
       7    2  3 2017    10 31 36.000  1    6361243.814 6386784.735      50.556  -2.5   3.7   0.133333333 -0.00000044  0.00000000  9.80106435
       8    2  3 2017    10 31 37.000  1    6361243.814 6386784.735      50.556  -2.5   3.7   0.133333333 -0.00000044  0.00000000  9.80106436
       9    2  3 2017    10 31 38.000  1    6361243.814 6386784.735      50.556  -2.5   3.7   0.133333333 -0.00000044  0.00000000  9.80106435
      10    2  3 2017    10 31 39.000  1    6361243.814 6386784.735      50.556  -2.5   3.7   0.133333333 -0.00000044  0.00000000  9.80106436
      11    2  3 2017    10 31 40.000  1    6361243.814 6386784.735      50.556  -2.5   3.7   0.133333333 -0.00000044  0.00000000  9.80106437
      12    2  3 2017    10 31 41.000  1    6361243.814 6386784.735      50.556  -2.5   3.7   0.133333333 -0.00000044  0.00000000  9.80106435
      13    2  3 2017    10 31 42.000  1    6361243.814 6386784.735      50.556  -2.5   3.7   0.133333333 -0.00000044  0.00000000  9.80106436
      14    2  3 2017    10 31 43.000  1    6361243.814 6386784.735      50.556  -2.5   3.7   0.133333333 -0.00000044  0.00000000  9.80106438
      15    2  3 2017    10 31 44.000  1    6361243.814 6386784.735      50.556  -2.5   3.7   0.133333333 -0.00000044  0.00000000  9.80106434
      16    2  3 2017    10 31 45.000  1    6361243.814 6386784.735      50.556  -2.5   3.7   0.133333333 -0.00000044  0.00000000  9.80106437
      17    2  3 2017    10 31 46.000  1    6361243.814 6386784.735      50.556  -2.5   3.7   0.133333333 -0.00000044  0.00000000  9.80106437
      18    2  3 2017    10 31 47.000  1    6361243.814 6386784.735      50.556  -2.5   3.7   0.133333333 -0.00000044  0.00000000  9.80106436
      19    2  3 2017    10 31 48.000  1    6361243.814 6386784.735      50.556  -2.5   3.7   0.133333333 -0.00000044  0.00000000  9.80106436
      20    2  3 2017    10 31 49.000  1    6361243.814 6386784.735      50.556  -2.5   3.7   0.133333333 -0.00000044  0.00000000  9.80106433
      21    2  3 2017    10 31 50.000  1    6361243.814 6386784.735      50.556  -2.5   3.7   0.133333333 -0.00000044  0.00000000  9.80106435
      22    2  3 2017    10 31 51.000  1    6361243.814 6386784.735      50.556  -2.5   3.7   0.133333333 -0.00000044  0.00000000  9.80106436
      23    2  3 2017    10 31 52.000  1    6361243.814 6386784.735      50.556  -2.5   3.7   0.133333333 -0.00000044  0.00000000  9.80106437
      24    2  3 2017    10 31 53.000  1    6361243.814 6386784.735      50.556  -2.5   3.7   0.133333333 -0.00000044  0.00000000  9.80106437
      25    2  3 2017    10 31 54.000  1    6361243.814 6386784.735      50.556  -2.5   3.7   0.133333333 -0.00000044  0.00000000  9.80106439
      26    2  3 2017    10 31 55.000  1    6361243.814 6386784.735      50.556  -2.5   3.7   0.133333333 -0.00000044  0.00000000  9.80106437
      27    2  3 2017    10 31 56.000  1    6361243.814 6386784.735      50.556  -2.5   3.7   0.133333333 -0.00000044  0.00000000  9.80106435
      28    2  3 2017    10 31 57.000  1    6361243.814 6386784.735      50.556  -2.5   3.7   0.133333333 -0.00000044  0.00000000  9.80106437
      29    2  3 2017    10 31 58.000  1    6361243.814 6386784.735      50.556  -2.5   3.7   0.133333333 -0.00000044  0.00000000  9.80106439
      30    2  3 2017    10 31 59.000  1    6361243.814 6386784.735      50.556  -2.5   3.7   0.133333333 -0.00000044  0.00000000  9.80106435
      31    2  3 2017    10 32  0.000  1    6361243.814 6386784.735      50.556  -2.5   3.7   0.133333333 -0.00000044  0.00000000  9.80106437
      32    2  3 2017    10 32  1.000  1    6361243.814 6386784.735      50.556  -2.5   3.7   0.133333333 -0.00000044  0.00000000  9.80106436
      33    2  3 2017    10 32  2.000  1    6361243.814 6386784.735      50.556  -2.5   3.7   0.133333333 -0.00000044  0.00000000  9.80106434
      34    2  3 2017    10 32  3.000  1    6361243.814 6386784.735      50.556  -2.5   3.7   0.133333333 -0.00000044  0.00000000  9.80106435
      35    2  3 2017    10 32  4.000  1    6361243.814 6386784.735      50.556  -2.5   3.7   0.133333333 -0.00000044  0.00000000  9.80106437
      36    2  3 2017    10 32  5.000  1    6361243.814 6386784.735      50.556  -2.5   3.7   0.133333333 -0.00000044  0.00000000  9.80106434
      37    2  3 2017    10 32  6.000  1    6361243.814 6386784.735      50.556  -2.5   3.7   0.133333333 -0.00000044  0.00000000  9.80106436
      38    2  3 2017    10 32  7.000  1    6361243.814 6386784.735      50.556  -2.5   3.7   0.133333333 -0.00000044  0.00000000  9.80106437
      39    2  3 2017    10 32  8.000  1    6361243.814 6386784.735      50.556  -2.5   3.7   0.133333333 -0.00000044  0.00000000  9.80106435
      40    2  3 2017    10 32  9.000  1    6361243.814 6386784.735      50.556  -2.5   3.7   0.133333333 -0.00000044  0.00000000  9.80106436
      41    2  3 2017    10 32 10.000  1    6361243.815 6386784.735      50.556  -2.5   3.7   0.133333333 -0.00000044  0.00000000  9.80106434
      42    2  3 2017    10 32 11.000  1    6361243.820 6386784.737      50.556  -2.5   3.7   0.133333333 -0.00000044  0.00000000  9.80106436
      43    2  3 2017    10 32 12.000  1    6361243.828 6386784.740      50.556  -2.5   3.7   0.133333333 -0.00000044  0.00000000  9.80106430
      44    2  3 2017    10 32 13.000  1    6361243.837 6386784.743      50.556  -2.5   3.7   0.133333333 -0.00000044  0.00000000  9.80106438
      45    2  3 2017    10 32 14.000  1    6361243.845 6386784.746      50.557  -2.5   3.7   0.133333333 -0.00000044  0.00000000  9.80106429
      46    2  3 2017    10 32 15.000  1    6361243.851 6386784.747      50.557  -2.5   3.7   0.133333333 -0.00000044  0.00000000  9.80106429
      47    2  3 2017    10 32 16.000  1    6361243.852 6386784.748      50.557  -2.5   3.7   0.133333333 -0.00000044  0.00000000  9.80106425
      48    2  3 2017    10 32 17.000  1    6361243.852 6386784.748      50.557  -2.5   3.7   0.133333333 -0.00000044  0.00000000  9.80106428
      49    2  3 2017    10 32 18.000  1    6361243.853 6386784.748      50.557  -2.5   3.7   0.133333333 -0.00000044  0.00000000  9.80106427
      50    2  3 2017    10 32 19.000  1    6361243.853 6386784.748      50.557  -2.5   3.7   0.133333333 -0.00000044  0.00000000  9.80106429
      51    2  3 2017    10 32 20.000  1    6361243.852 6386784.748      50.557  -2.5   3.7   0.133333333 -0.00000044  0.00000000  9.80106430
      52    2  3 2017    10 32 21.000  1    6361243.852 6386784.748      50.557  -2.5   3.7   0.133333333 -0.00000044  0.00000000  9.80106431
      53    2  3 2017    10 32 22.000  1    6361243.854 6386784.748      50.557  -2.5   3.7   0.133333333 -0.00000044  0.00000000  9.80106421
      54    2  3 2017    10 32 23.000  1    6361243.861 6386784.751      50.557  -2.5   3.7   0.133333333 -0.00000044  0.00000000  9.80106422
      55    2  3 2017    10 32 24.000  1    6361243.870 6386784.754      50.557  -2.5   3.7   0.133333333 -0.00000044  0.00000000  9.80106423
      56    2  3 2017    10 32 25.000  1    6361243.880 6386784.757      50.557  -2.5   3.7   0.133333333 -0.00000044  0.00000000  9.80106409
      57    2  3 2017    10 32 26.000  1    6361243.886 6386784.759      50.557  -2.5   3.7   0.133333333 -0.00000044  0.00000000  9.80106416
      58    2  3 2017    10 32 27.000  1    6361243.891 6386784.761      50.557  -2.5   3.7   0.133333333 -0.00000044  0.00000000  9.80106425
      59    2  3 2017    10 32 28.000  1    6361243.891 6386784.761      50.557  -2.5   3.7   0.133333333 -0.00000044  0.00000000  9.80106428
      60    2  3 2017    10 32 29.000  1    6361243.891 6386784.761      50.557  -2.5   3.7   0.133333333 -0.00000044  0.00000000  9.80106428
      61    2  3 2017    10 32 30.000  1    6361243.891 6386784.761      50.557  -2.5   3.7   0.133333333 -0.00000044  0.00000000  9.80106429
      62    2  3 2017    10 32 31.000  1    6361243.891 6386784.761      50.557  -2.5   3.7   0.133333333 -0.00000044  0.00000000  9.80106428
      63    2  3 2017    10 32 32.000  1    6361243.895 6386784.762      50.557  -2.5   3.7   0.133333333 -0.00000044  0.00000000  9.80106417
      64    2  3 2017    10 32 33.000  1    6361243.903 6386784.765      50.557  -2.5   3.7   0.133333333 -0.00000044  0.00000000  9.80106409
      65    2  3 2017    10 32 34.000  1    6361243.912 6386784.768      50.557  -2.5   3.7   0.133333333 -0.00000044  0.00000000  9.80106401
      66    2  3 2017    10 32 35.000  1    6361243.920 6386784.771      50.557  -2.5   3.7   0.133333333 -0.00000044  0.00000000  9.80106397
      67    2  3 2017    10 32 36.000  1    6361243.927 6386784.773      50.557  -2.5   3.7   0.133333333 -0.00000044  0.00000000  9.80106405
      68    2  3 2017    10 32 37.000  1    6361243.930 6386784.774      50.557  -2.5   3.7   0.133333333 -0.00000044  0.00000000  9.80106402
      69    2  3 2017    10 32 38.000  1    6361243.931 6386784.774      50.557  -2.5   3.7   0.133333333 -0.00000044  0.00000000  9.80106397
      70    2  3 2017    10 32 39.000  1    6361243.931 6386784.774      50.557  -2.5   3.7   0.133333333 -0.00000044  0.00000000  9.80106400
      71    2  3 2017    10 32 40.000  1    6361243.931 6386784.774      50.557  -2.5   3.7   0.133333333 -0.00000044  0.00000000  9.80106399
      72    2  3 2017    10 32 41.000  1    6361243.931 6386784.774      50.557  -2.5   3.7   0.133333333 -0.00000044  0.00000000  9.80106399
      73    2  3 2017    10 32 42.000  1    6361243.931 6386784.774      50.557  -2.5   3.7   0.133333333 -0.00000044  0.00000000  9.80106397
      74    2  3 2017    10 32 43.000  1    6361243.938 6386784.777      50.557  -2.5   3.7   0.133333333 -0.00000044  0.00000000  9.80106397
      75    2  3 2017    10 32 44.000  1    6361243.947 6386784.780      50.557  -2.5   3.7   0.133333333 -0.00000044  0.00000000  9.80106398
      76    2  3 2017    10 32 45.000  1    6361243.957 6386784.783      50.557  -2.5   3.7   0.133333333 -0.00000044  0.00000000  9.80106401
      77    2  3 2017    10 32 46.000  1    6361243.964 6386784.785      50.557  -2.5   3.7   0.133333333 -0.00000044  0.00000000  9.80106397
      78    2  3 2017    10 32 47.000  1    6361243.969 6386784.787      50.557  -2.5   3.7   0.133333333 -0.00000044  0.00000000  9.80106410
      79    2  3 2017    10 32 48.000  1    6361243.971 6386784.788      50.557  -2.5   3.7   0.133333333 -0.00000044  0.00000000  9.80106406
      80    2  3 2017    10 32 49.000  1    6361243.971 6386784.788      50.557  -2.5   3.7   0.133333333 -0.00000044  0.00000000  9.80106407
      81    2  3 2017    10 32 50.000  1    6361243.971 6386784.788      50.557  -2.5   3.7   0.133333333 -0.00000044  0.00000000  9.80106405
      82    2  3 2017    10 32 51.000  1    6361243.971 6386784.788      50.557  -2.5   3.7   0.133333333 -0.00000044  0.00000000  9.80106406
      83    2  3 2017    10 32 52.000  1    6361243.971 6386784.788      50.557  -2.5   3.7   0.133333333 -0.00000044  0.00000000  9.80106405
      84    2  3 2017    10 32 53.000  1    6361243.971 6386784.788      50.557  -2.5   3.7   0.133333333 -0.00000044  0.00000000  9.80106404
      85    2  3 2017    10 32 54.000  1    6361243.971 6386784.788      50.557  -2.5   3.7   0.133333333 -0.00000044  0.00000000  9.80106404
      86    2  3 2017    10 32 55.000  1    6361243.971 6386784.788      50.557  -2.5   3.7   0.133333333 -0.00000044  0.00000000  9.80106404
      87    2  3 2017    10 32 56.000  1    6361243.976 6386784.789      50.557  -2.5   3.7   0.133333333 -0.00000044  0.00000000  9.80106400
      88    2  3 2017    10 32 57.000  1    6361243.983 6386784.792      50.557  -2.5   3.7   0.133333333 -0.00000044  0.00000000  9.80106407
      89    2  3 2017    10 32 58.000  1    6361243.991 6386784.795      50.557  -2.5   3.7   0.133333333 -0.00000044  0.00000000  9.80106408
      90    2  3 2017    10 32 59.000  1    6361243.999 6386784.797      50.557  -2.5   3.7   0.133333333 -0.00000044  0.00000000  9.80106385
      91    2  3 2017    10 33  0.000  1    6361244.005 6386784.799      50.557  -2.5   3.7   0.133333333 -0.00000044  0.00000000  9.80106397
      92    2  3 2017    10 33  1.000  1    6361244.009 6386784.800      50.557  -2.5   3.7   0.133333333 -0.00000044  0.00000000  9.80106399
      93    2  3 2017    10 33  2.000  1    6361244.010 6386784.801      50.557  -2.5   3.7   0.133333333 -0.00000044  0.00000000  9.80106400
      94    2  3 2017    10 33  3.000  1    6361244.010 6386784.801      50.557  -2.5   3.7   0.133333333 -0.00000044  0.00000000  9.80106403
      95    2  3 2017    10 33  4.000  1    6361244.010 6386784.801      50.557  -2.5   3.7   0.133333333 -0.00000044  0.00000000  9.80106404
      96    2  3 2017    10 33  5.000  1    6361244.010 6386784.801      50.557  -2.5   3.7   0.133333333 -0.00000044  0.00000000  9.80106404
      97    2  3 2017    10 33  6.000  1    6361244.010 6386784.801      50.557  -2.5   3.7   0.133333333 -0.00000044  0.00000000  9.80106403
      98    2  3 2017    10 33  7.000  1    6361244.010 6386784.801      50.557  -2.5   3.7   0.133333333 -0.00000044  0.00000000  9.80106404
      99    2  3 2017    10 33  8.000  1    6361244.011 6386784.801      50.557  -2.5   3.7   0.133333333 -0.00000044  0.00000000  9.80106407
     100    2  3 2017    10 33  9.000  1    6361244.019 6386784.804      50.557  -2.5   3.7   0.133333333 -0.00000044  0.00000000  9.80106401
     101    2  3 2017    10 33 10.000  1    6361244.028 6386784.807      50.557  -2.5   3.7   0.133333333 -0.00000044  0.00000000  9.80106406
     102    2  3 2017    10 33 11.000  1    6361244.035 6386784.809      50.558  -2.5   3.7   0.133333333 -0.00000044  0.00000000  9.80106399
     103    2  3 2017    10 33 12.000  1    6361244.042 6386784.812      50.558  -2.5   3.7   0.133333333 -0.00000044  0.00000000  9.80106411
     104    2  3 2017    10 33 13.000  1    6361244.047 6386784.813      50.558  -2.5   3.7   0.133333333 -0.00000044  0.00000000  9.80106394
     105    2  3 2017    10 33 14.000  1    6361244.049 6386784.814      50.558  -2.5   3.7   0.133333333 -0.00000044  0.00000000  9.80106394
     106    2  3 2017    10 33 15.000  1    6361244.049 6386784.814      50.558  -2.5   3.7   0.133333333 -0.00000044  0.00000000  9.80106398
     107    2  3 2017    10 33 16.000  1    6361244.049 6386784.814      50.558  -2.5   3.7   0.133333333 -0.00000044  0.00000000  9.80106400
     108    2  3 2017    10 33 17.000  1    6361244.049 6386784.814      50.558  -2.5   3.7   0.133333333 -0.00000044  0.00000000  9.80106401
     109    2  3 2017    10 33 18.000  1    6361244.049 6386784.814      50.558  -2.5   3.7   0.133333333 -0.00000044  0.00000000  9.80106401
     110    2  3 2017    10 33 19.000  1    6361244.049 6386784.814      50.558  -2.5   3.7   0.133333333 -0.00000044  0.00000000  9.80106399
     111    2  3 2017    10 33 20.000  1    6361244.054 6386784.816      50.558  -2.5   3.7   0.133333333 -0.00000044  0.00000000  9.80106407
     112    2  3 2017    10 33 21.000  1    6361244.062 6386784.818      50.558  -2.5   3.7   0.133333333 -0.00000044  0.00000000  9.80106415
     113    2  3 2017    10 33 22.000  1    6361244.069 6386784.821      50.558  -2.5   3.7   0.133333333 -0.00000044  0.00000000  9.80106404
     114    2  3 2017    10 33 23.000  1    6361244.077 6386784.823      50.558  -2.5   3.7   0.133333333 -0.00000044  0.00000000  9.80106409
     115    2  3 2017    10 33 24.000  1    6361244.083 6386784.825      50.558  -2.5   3.7   0.133333333 -0.00000044  0.00000000  9.80106405
     116    2  3 2017    10 33 25.000  1    6361244.087 6386784.827      50.558  -2.5   3.7   0.133333333 -0.00000044  0.00000000  9.80106409
     117    2  3 2017    10 33 26.000  1    6361244.088 6386784.827      50.558  -2.5   3.7   0.133333333 -0.00000044  0.00000000  9.80106414
     118    2  3 2017    10 33 27.000  1    6361244.088 6386784.827      50.558  -2.5   3.7   0.133333333 -0.00000044  0.00000000  9.80106409
     119    2  3 2017    10 33 28.000  1    6361244.088 6386784.827      50.558  -2.5   3.7   0.133333333 -0.00000044  0.00000000  9.80106405
     120    2  3 2017    10 33 29.000  1    6361244.088 6386784.827      50.558  -2.5   3.7   0.133333333 -0.00000044  0.00000000  9.80106406
     121    2  3 2017    10 33 30.000  1    6361244.089 6386784.827      50.558  -2.5   3.7   0.133333333 -0.00000044  0.00000000  9.80106405
     122    2  3 2017    10 33 31.000  1    6361244.095 6386784.829      50.558  -2.5   3.7   0.133333333 -0.00000044  0.00000000  9.80106404
     123    2  3 2017    10 33 32.000  1    6361244.104 6386784.832      50.558  -2.5   3.7   0.133333333 -0.00000044  0.00000000  9.80106412
     124    2  3 2017    10 33 33.000  1    6361244.112 6386784.835      50.558  -2.5   3.7   0.133333333 -0.00000044  0.00000000  9.80106420
     125    2  3 2017    10 33 34.000  1    6361244.118 6386784.837      50.558  -2.5   3.7   0.133333333 -0.00000044  0.00000000  9.80106411
     126    2  3 2017    10 33 35.000  1    6361244.124 6386784.839      50.558  -2.5   3.7   0.133333333 -0.00000044  0.00000000  9.80106433
     127    2  3 2017    10 33 36.000  1    6361244.127 6386784.840      50.558  -2.5   3.7   0.133333333 -0.00000044  0.00000000  9.80106425
     128    2  3 2017    10 33 37.000  1    6361244.128 6386784.840      50.558  -2.5   3.7   0.133333333 -0.00000044  0.00000000  9.80106424
     129    2  3 2017    10 33 38.000  1    6361244.128 6386784.840      50.558  -2.5   3.7   0.133333333 -0.00000044  0.00000000  9.80106423
     130    2  3 2017    10 33 39.000  1    6361244.127 6386784.840      50.558  -2.5   3.7   0.133333333 -0.00000044  0.00000000  9.80106423
     131    2  3 2017    10 33 40.000  1    6361244.127 6386784.840      50.558  -2.5   3.7   0.133333333 -0.00000044  0.00000000  9.80106423
     132    2  3 2017    10 33 41.000  1    6361244.128 6386784.840      50.558  -2.5   3.7   0.133333333 -0.00000044  0.00000000  9.80106424
     133    2  3 2017    10 33 42.000  1    6361244.130 6386784.841      50.558  -2.5   3.7   0.133333333 -0.00000044  0.00000000  9.80106416
     134    2  3 2017    10 33 43.000  1    6361244.135 6386784.843      50.558  -2.5   3.7   0.133333333 -0.00000044  0.00000000  9.80106428
     135    2  3 2017    10 33 44.000  1    6361244.142 6386784.845      50.558  -2.5   3.7   0.133333333 -0.00000044  0.00000000  9.80106428
     136    2  3 2017    10 33 45.000  1    6361244.148 6386784.847      50.558  -2.5   3.7   0.133333333 -0.00000044  0.00000000  9.80106445
     137    2  3 2017    10 33 46.000  1    6361244.153 6386784.849      50.558  -2.5   3.7   0.133333333 -0.00000044  0.00000000  9.80106433
     138    2  3 2017    10 33 47.000  1    6361244.158 6386784.850      50.558  -2.5   3.7   0.133333333 -0.00000044  0.00000000  9.80106419
     139    2  3 2017    10 33 48.000  1    6361244.162 6386784.852      50.558  -2.5   3.7   0.133333333 -0.00000044  0.00000000  9.80106426
     140    2  3 2017    10 33 49.000  1    6361244.165 6386784.853      50.558  -2.5   3.7   0.133333333 -0.00000044  0.00000000  9.80106424
     141    2  3 2017    10 33 50.000  1    6361244.163 6386784.852      50.558  -2.5   3.7   0.133333333 -0.00000044  0.00000000  9.80106426
     142    2  3 2017    10 33 51.000  1    6361244.159 6386784.851      50.558  -2.5   3.7   0.133333333 -0.00000044  0.00000000  9.80106422
     143    2  3 2017    10 33 52.000  1    6361244.155 6386784.849      50.558  -2.5   3.7   0.133333333 -0.00000044  0.00000000  9.80106419
     144    2  3 2017    10 33 53.000  1    6361244.151 6386784.848      50.558  -2.5   3.7   0.133333333 -0.00000044  0.00000000  9.80106409
     145    2  3 2017    10 33 54.000  1    6361244.147 6386784.846      50.558  -2.5   3.7   0.133333333 -0.00000044  0.00000000  9.80106397
     146    2  3 2017    10 33 55.000  1    6361244.144 6386784.845      50.558  -2.5   3.7   0.133333333 -0.00000044  0.00000000  9.80106389
     147    2  3 2017    10 33 56.000  1    6361244.140 6386784.844      50.558  -2.5   3.7   0.133333333 -0.00000044  0.00000000  9.80106399
     148    2  3 2017    10 33 57.000  1    6361244.138 6386784.844      50.558  -2.5   3.7   0.133333333 -0.00000044  0.00000000  9.80106391
     149    2  3 2017    10 33 58.000  1    6361244.136 6386784.843      50.558  -2.5   3.7   0.133333333 -0.00000044  0.00000000  9.80106389
     150    2  3 2017    10 33 59.000  1    6361244.135 6386784.843      50.558  -2.5   3.7   0.133333333 -0.00000044  0.00000000  9.80106387
     151    2  3 2017    10 33 60.000  1    6361244.136 6386784.843      50.558  -2.5   3.7   0.133333333 -0.00000044  0.00000000  9.80106383
     152    2  3 2017    10 34  1.000  1    6361244.139 6386784.844      50.559  -2.5   3.7   0.133333333 -0.00000044  0.00000000  9.80106380
     153    2  3 2017    10 34  2.000  1    6361244.142 6386784.845      50.559  -2.5   3.7   0.133333333 -0.00000044  0.00000000  9.80106388
     154    2  3 2017    10 34  3.000  1    6361244.147 6386784.847      50.559  -2.5   3.7   0.133333333 -0.00000044  0.00000000  9.80106377
     155    2  3 2017    10 34  4.000  1    6361244.154 6386784.849      50.559  -2.5   3.7   0.133333333 -0.00000044  0.00000000  9.80106382
     156    2  3 2017    10 34  5.000  1    6361244.161 6386784.851      50.559  -2.5   3.7   0.133333333 -0.00000044  0.00000000  9.80106379
     157    2  3 2017    10 34  6.000  1    6361244.167 6386784.853      50.559  -2.5   3.7   0.133333333 -0.00000044  0.00000000  9.80106400
     158    2  3 2017    10 34  7.000  1    6361244.176 6386784.856      50.559  -2.5   3.7   0.133333333 -0.00000044  0.00000000  9.80106394
     159    2  3 2017    10 34  8.000  1    6361244.182 6386784.858      50.559  -2.5   3.7   0.133333333 -0.00000044  0.00000000  9.80106398
     160    2  3 2017    10 34  9.000  1    6361244.188 6386784.860      50.559  -2.5   3.7   0.133333333 -0.00000044  0.00000000  9.80106387
     161    2  3 2017    10 34 10.000  1    6361244.195 6386784.862      50.559  -2.5   3.7   0.133333333 -0.00000044  0.00000000  9.80106381
     162    2  3 2017    10 34 11.000  1    6361244.201 6386784.865      50.559  -2.5   3.7   0.133333333 -0.00000044  0.00000000  9.80106391
     163    2  3 2017    10 34 12.000  1    6361244.210 6386784.868      50.559  -2.5   3.7   0.133333333 -0.00000044  0.00000000  9.80106399
     164    2  3 2017    10 34 13.000  1    6361244.222 6386784.872      50.559  -2.5   3.7   0.133333333 -0.00000044  0.00000000  9.80106405
     165    2  3 2017    10 34 14.000  1    6361244.235 6386784.876      50.559  -2.5   3.7   0.133333333 -0.00000044  0.00000000  9.80106411
     166    2  3 2017    10 34 15.000  1    6361244.247 6386784.880      50.559  -2.5   3.7   0.133333333 -0.00000044  0.00000000  9.80106405
     167    2  3 2017    10 34 16.000  1    6361244.255 6386784.883      50.559  -2.5   3.7   0.133333333 -0.00000044  0.00000000  9.80106410
     168    2  3 2017    10 34 17.000  1    6361244.261 6386784.885      50.559  -2.5   3.7   0.133333333 -0.00000044  0.00000000  9.80106407
     169    2  3 2017    10 34 18.000  1    6361244.266 6386784.886      50.559  -2.5   3.7   0.133333333 -0.00000044  0.00000000  9.80106410
     170    2  3 2017    10 34 19.000  1    6361244.268 6386784.887      50.559  -2.5   3.7   0.133333333 -0.00000044  0.00000000  9.80106411
     171    2  3 2017    10 34 20.000  1    6361244.268 6386784.887      50.559  -2.5   3.7   0.133333333 -0.00000044  0.00000000  9.80106407
     172    2  3 2017    10 34 21.000  1    6361244.264 6386784.886      50.559  -2.5   3.7   0.133333333 -0.00000044  0.00000000  9.80106409
     173    2  3 2017    10 34 22.000  1    6361244.257 6386784.883      50.559  -2.5   3.7   0.133333333 -0.00000044  0.00000000  9.80106405
     174    2  3 2017    10 34 23.000  1    6361244.248 6386784.880      50.559  -2.5   3.7   0.133333333 -0.00000044  0.00000000  9.80106407
     175    2  3 2017    10 34 24.000  1    6361244.239 6386784.877      50.559  -2.5   3.7   0.133333333 -0.00000044  0.00000000  9.80106401
     176    2  3 2017    10 34 25.000  1    6361244.230 6386784.874      50.559  -2.5   3.7   0.133333333 -0.00000044  0.00000000  9.80106401
     177    2  3 2017    10 34 26.000  1    6361244.222 6386784.872      50.558  -2.5   3.7   0.133333333 -0.00000044  0.00000000  9.80106403
     178    2  3 2017    10 34 27.000  1    6361244.214 6386784.869      50.558  -2.5   3.7   0.133333333 -0.00000044  0.00000000  9.80106410
     179    2  3 2017    10 34 28.000  1    6361244.207 6386784.867      50.558  -2.5   3.7   0.133333333 -0.00000044  0.00000000  9.80106414
     180    2  3 2017    10 34 29.000  1    6361244.201 6386784.865      50.558  -2.5   3.7   0.133333333 -0.00000044  0.00000000  9.80106418
     181    2  3 2017    10 34 30.000  1    6361244.196 6386784.863      50.558  -2.5   3.7   0.133333333 -0.00000044  0.00000000  9.80106431
     182    2  3 2017    10 34 31.000  1    6361244.190 6386784.861      50.558  -2.5   3.7   0.133333333 -0.00000044  0.00000000  9.80106431
     183    2  3 2017    10 34 32.000  1    6361244.184 6386784.859      50.558  -2.5   3.7   0.133333333 -0.00000044  0.00000000  9.80106430
     184    2  3 2017    10 34 33.000  1    6361244.177 6386784.857      50.558  -2.5   3.7   0.133333333 -0.00000044  0.00000000  9.80106427
     185    2  3 2017    10 34 34.000  1    6361244.171 6386784.854      50.558  -2.5   3.7   0.133333333 -0.00000044  0.00000000  9.80106413
     186    2  3 2017    10 34 35.000  1    6361244.164 6386784.852      50.558  -2.5   3.7   0.133333333 -0.00000044  0.00000000  9.80106412
     187    2  3 2017    10 34 36.000  1    6361244.157 6386784.850      50.558  -2.5   3.7   0.133333333 -0.00000044  0.00000000  9.80106420
     188    2  3 2017    10 34 37.000  1    6361244.151 6386784.848      50.558  -2.5   3.7   0.133333333 -0.00000044  0.00000000  9.80106433
     189    2  3 2017    10 34 38.000  1    6361244.146 6386784.846      50.558  -2.5   3.7   0.133333333 -0.00000044  0.00000000  9.80106437
     190    2  3 2017    10 34 39.000  1    6361244.140 6386784.844      50.558  -2.5   3.7   0.133333333 -0.00000044  0.00000000  9.80106426
     191    2  3 2017    10 34 40.000  1    6361244.134 6386784.842      50.558  -2.5   3.7   0.133333333 -0.00000044  0.00000000  9.80106427
     192    2  3 2017    10 34 41.000  1    6361244.129 6386784.841      50.558  -2.5   3.7   0.133333333 -0.00000044  0.00000000  9.80106416
     193    2  3 2017    10 34 42.000  1    6361244.127 6386784.840      50.558  -2.5   3.7   0.133333333 -0.00000044  0.00000000  9.80106418
     194    2  3 2017    10 34 43.000  1    6361244.127 6386784.840      50.558  -2.5   3.7   0.133333333 -0.00000044  0.00000000  9.80106416
     195    2  3 2017    10 34 44.000  1    6361244.127 6386784.840      50.558  -2.5   3.7   0.133333333 -0.00000044  0.00000000  9.80106420
     196    2  3 2017    10 34 45.000  1    6361244.127 6386784.840      50.558  -2.5   3.7   0.133333333 -0.00000044  0.00000000  9.80106423
     197    2  3 2017    10 34 46.000  1    6361244.127 6386784.840      50.558  -2.5   3.7   0.133333333 -0.00000044  0.00000000  9.80106423
     198    2  3 2017    10 34 47.000  1    6361244.123 6386784.839      50.558  -2.5   3.7   0.133333333 -0.00000044  0.00000000  9.80106420
     199    2  3 2017    10 34 48.000  1    6361244.114 6386784.836      50.558  -2.5   3.7   0.133333333 -0.00000044  0.00000000  9.80106406
     200    2  3 2017    10 34 49.000  1    6361244.105 6386784.833      50.558  -2.5   3.7   0.133333333 -0.00000044  0.00000000  9.80106401
     201    2  3 2017    10 34 50.000  1    6361244.098 6386784.830      50.558  -2.5   3.7   0.133333333 -0.00000044  0.00000000  9.80106400
     202    2  3 2017    10 34 51.000  1    6361244.092 6386784.828      50.558  -2.5   3.7   0.133333333 -0.00000044  0.00000000  9.80106412
     203    2  3 2017    10 34 52.000  1    6361244.088 6386784.827      50.558  -2.5   3.7   0.133333333 -0.00000044  0.00000000  9.80106413
     204    2  3 2017    10 34 53.000  1    6361244.088 6386784.827      50.558  -2.5   3.7   0.133333333 -0.00000044  0.00000000  9.80106405
     205    2  3 2017    10 34 54.000  1    6361244.088 6386784.827      50.558  -2.5   3.7   0.133333333 -0.00000044  0.00000000  9.80106402
     206    2  3 2017    10 34 55.000  1    6361244.088 6386784.827      50.558  -2.5   3.7   0.133333333 -0.00000044  0.00000000  9.80106402
     207    2  3 2017    10 34 56.000  1    6361244.088 6386784.827      50.558  -2.5   3.7   0.133333333 -0.00000044  0.00000000  9.80106401
     208    2  3 2017    10 34 57.000  1    6361244.088 6386784.827      50.558  -2.5   3.7   0.133333333 -0.00000044  0.00000000  9.80106401
     209    2  3 2017    10 34 58.000  1    6361244.088 6386784.827      50.558  -2.5   3.7   0.133333333 -0.00000044  0.00000000  9.80106402
     210    2  3 2017    10 34 59.000  1    6361244.086 6386784.826      50.558  -2.5   3.7   0.133333333 -0.00000044  0.00000000  9.80106384
     211    2  3 2017    10 35  0.000  1    6361244.078 6386784.823      50.558  -2.5   3.7   0.133333333 -0.00000044  0.00000000  9.80106409
     212    2  3 2017    10 35  1.000  1    6361244.069 6386784.820      50.558  -2.5   3.7   0.133333333 -0.00000044  0.00000000  9.80106403
     213    2  3 2017    10 35  2.000  1    6361244.061 6386784.818      50.558  -2.5   3.7   0.133333333 -0.00000044  0.00000000  9.80106414
     214    2  3 2017    10 35  3.000  1    6361244.054 6386784.815      50.558  -2.5   3.7   0.133333333 -0.00000044  0.00000000  9.80106419
     215    2  3 2017    10 35  4.000  1    6361244.049 6386784.814      50.558  -2.5   3.7   0.133333333 -0.00000044  0.00000000  9.80106403
     216    2  3 2017    10 35  5.000  1    6361244.047 6386784.813      50.558  -2.5   3.7   0.133333333 -0.00000044  0.00000000  9.80106405
     217    2  3 2017    10 35  6.000  1    6361244.048 6386784.813      50.558  -2.5   3.7   0.133333333 -0.00000044  0.00000000  9.80106404
     218    2  3 2017    10 35  7.000  1    6361244.048 6386784.813      50.558  -2.5   3.7   0.133333333 -0.00000044  0.00000000  9.80106402
     219    2  3 2017    10 35  8.000  1    6361244.048 6386784.813      50.558  -2.5   3.7   0.133333333 -0.00000044  0.00000000  9.80106402
     220    2  3 2017    10 35  9.000  1    6361244.042 6386784.812      50.558  -2.5   3.7   0.133333333 -0.00000044  0.00000000  9.80106405
     221    2  3 2017    10 35 10.000  2    6361244.035 6386784.809      50.558  -2.5   3.7   0.133333333 -0.00000044  0.00000000  9.80106549
     222    2  3 2017    10 35 11.000  2    6361244.027 6386784.807      50.557  -2.5   3.7   0.133333333 -0.00000044  0.00000000  9.80106564
     223    2  3 2017    10 35 12.000  2    6361244.020 6386784.804      50.557  -2.5   3.7   0.133333333 -0.00000044  0.00000000  9.80106551
     224    2  3 2017    10 35 13.000  2    6361244.013 6386784.802      50.557  -2.5   3.7   0.133333333 -0.00000044  0.00000000  9.80106547
     225    2  3 2017    10 35 14.000  1    6361244.008 6386784.800      50.557  -2.5   3.7   0.133333333 -0.00000044  0.00000000  9.80106403
     226    2  3 2017    10 35 15.000  1    6361244.008 6386784.800      50.557  -2.5   3.7   0.133333333 -0.00000044  0.00000000  9.80106398
     227    2  3 2017    10 35 16.000  1    6361244.008 6386784.800      50.557  -2.5   3.7   0.133333333 -0.00000044  0.00000000  9.80106395
     228    2  3 2017    10 35 17.000  1    6361244.008 6386784.800      50.557  -2.5   3.7   0.133333333 -0.00000044  0.00000000  9.80106401
     229    2  3 2017    10 35 18.000  1    6361244.007 6386784.800      50.557  -2.5   3.7   0.133333333 -0.00000044  0.00000000  9.80106401
     230    2  3 2017    10 35 19.000  1    6361243.999 6386784.797      50.557  -2.5   3.7   0.133333333 -0.00000044  0.00000000  9.80106400
     231    2  3 2017    10 35 20.000  1    6361243.991 6386784.795      50.557  -2.5   3.7   0.133333333 -0.00000044  0.00000000  9.80106401
     232    2  3 2017    10 35 21.000  1    6361243.985 6386784.792      50.557  -2.5   3.7   0.133333333 -0.00000044  0.00000000  9.80106403
     233    2  3 2017    10 35 22.000  1    6361243.977 6386784.790      50.557  -2.5   3.7   0.133333333 -0.00000044  0.00000000  9.80106397
     234    2  3 2017    10 35 23.000  1    6361243.971 6386784.788      50.557  -2.5   3.7   0.133333333 -0.00000044  0.00000000  9.80106400
     235    2  3 2017    10 35 24.000  1    6361243.969 6386784.787      50.557  -2.5   3.7   0.133333333 -0.00000044  0.00000000  9.80106407
     236    2  3 2017    10 35 25.000  1    6361243.969 6386784.787      50.557  -2.5   3.7   0.133333333 -0.00000044  0.00000000  9.80106406
     237    2  3 2017    10 35 26.000  1    6361243.969 6386784.787      50.557  -2.5   3.7   0.133333333 -0.00000044  0.00000000  9.80106406
     238    2  3 2017    10 35 27.000  1    6361243.969 6386784.787      50.557  -2.5   3.7   0.133333333 -0.00000044  0.00000000  9.80106406
     239    2  3 2017    10 35 28.000  1    6361243.969 6386784.787      50.557  -2.5   3.7   0.133333333 -0.00000044  0.00000000  9.80106406
     240    2  3 2017    10 35 29.000  1    6361243.969 6386784.787      50.557  -2.5   3.7   0.133333333 -0.00000044  0.00000000  9.80106405
     241    2  3 2017    10 35 30.000  1    6361243.966 6386784.786      50.557  -2.5   3.7   0.133333333 -0.00000044  0.00000000  9.80106396
     242    2  3 2017    10 35 31.000  1    6361243.958 6386784.783      50.557  -2.5   3.7   0.133333333 -0.00000044  0.00000000  9.80106407
     243    2  3 2017    10 35 32.000  1    6361243.950 6386784.781      50.557  -2.5   3.7   0.133333333 -0.00000044  0.00000000  9.80106406
     244    2  3 2017    10 35 33.000  1    6361243.942 6386784.778      50.557  -2.5   3.7   0.133333333 -0.00000044  0.00000000  9.80106398
     245    2  3 2017    10 35 34.000  1    6361243.936 6386784.776      50.557  -2.5   3.7   0.133333333 -0.00000044  0.00000000  9.80106398
     246    2  3 2017    10 35 35.000  1    6361243.930 6386784.774      50.557  -2.5   3.7   0.133333333 -0.00000044  0.00000000  9.80106402
     247    2  3 2017    10 35 36.000  1    6361243.930 6386784.774      50.557  -2.5   3.7   0.133333333 -0.00000044  0.00000000  9.80106399
     248    2  3 2017    10 35 37.000  1    6361243.929 6386784.774      50.557  -2.5   3.7   0.133333333 -0.00000044  0.00000000  9.80106400
     249    2  3 2017    10 35 38.000  1    6361243.929 6386784.774      50.557  -2.5   3.7   0.133333333 -0.00000044  0.00000000  9.80106402
     250    2  3 2017    10 35 39.000  1    6361243.929 6386784.774      50.557  -2.5   3.7   0.133333333 -0.00000044  0.00000000  9.80106402
     251    2  3 2017    10 35 40.000  1    6361243.929 6386784.774      50.557  -2.5   3.7   0.133333333 -0.00000044  0.00000000  9.80106403
     252    2  3 2017    10 35 41.000  1    6361243.925 6386784.772      50.557  -2.5   3.7   0.133333333 -0.00000044  0.00000000  9.80106407
     253    2  3 2017    10 35 42.000  1    6361243.919 6386784.770      50.557  -2.5   3.7   0.133333333 -0.00000044  0.00000000  9.80106401
     254    2  3 2017    10 35 43.000  1    6361243.911 6386784.768      50.557  -2.5   3.7   0.133333333 -0.00000044  0.00000000  9.80106409
     255    2  3 2017    10 35 44.000  1    6361243.903 6386784.765      50.557  -2.5   3.7   0.133333333 -0.00000044  0.00000000  9.80106412
     256    2  3 2017    10 35 45.000  1    6361243.896 6386784.763      50.557  -2.5   3.7   0.133333333 -0.00000044  0.00000000  9.80106407
     257    2  3 2017    10 35 46.000  1    6361243.891 6386784.761      50.557  -2.5   3.7   0.133333333 -0.00000044  0.00000000  9.80106424
     258    2  3 2017    10 35 47.000  1    6361243.891 6386784.761      50.557  -2.5   3.7   0.133333333 -0.00000044  0.00000000  9.80106429
     259    2  3 2017    10 35 48.000  1    6361243.891 6386784.761      50.557  -2.5   3.7   0.133333333 -0.00000044  0.00000000  9.80106428
     260    2  3 2017    10 35 49.000  1    6361243.891 6386784.761      50.557  -2.5   3.7   0.133333333 -0.00000044  0.00000000  9.80106428
     261    2  3 2017    10 35 50.000  1    6361243.891 6386784.761      50.557  -2.5   3.7   0.133333333 -0.00000044  0.00000000  9.80106428
     262    2  3 2017    10 35 51.000  1    6361243.891 6386784.761      50.557  -2.5   3.7   0.133333333 -0.00000044  0.00000000  9.80106430
     263    2  3 2017    10 35 52.000  1    6361243.891 6386784.761      50.557  -2.5   3.7   0.133333333 -0.00000044  0.00000000  9.80106429
     264    2  3 2017    10 35 53.000  1    6361243.890 6386784.760      50.557  -2.5   3.7   0.133333333 -0.00000044  0.00000000  9.80106423
     265    2  3 2017    10 35 54.000  1    6361243.884 6386784.759      50.557  -2.5   3.7   0.133333333 -0.00000044  0.00000000  9.80106421
     266    2  3 2017    10 35 55.000  1    6361243.877 6386784.756      50.557  -2.5   3.7   0.133333333 -0.00000044  0.00000000  9.80106407
     267    2  3 2017    10 35 56.000  1    6361243.869 6386784.754      50.557  -2.5   3.7   0.133333333 -0.00000044  0.00000000  9.80106433
     268    2  3 2017    10 35 57.000  1    6361243.862 6386784.751      50.557  -2.5   3.7   0.133333333 -0.00000044  0.00000000  9.80106427
     269    2  3 2017    10 35 58.000  1    6361243.856 6386784.749      50.557  -2.5   3.7   0.133333333 -0.00000044  0.00000000  9.80106424
     270    2  3 2017    10 35 59.000  1    6361243.851 6386784.748      50.557  -2.5   3.7   0.133333333 -0.00000044  0.00000000  9.80106428
     271    2  3 2017    10 36  0.000  1    6361243.851 6386784.748      50.557  -2.5   3.7   0.133333333 -0.00000044  0.00000000  9.80106430
     272    2  3 2017    10 36  1.000  1    6361243.851 6386784.748      50.557  -2.5   3.7   0.133333333 -0.00000044  0.00000000  9.80106424
     273    2  3 2017    10 36  2.000  1    6361243.851 6386784.748      50.557  -2.5   3.7   0.133333333 -0.00000044  0.00000000  9.80106424
     274    2  3 2017    10 36  3.000  1    6361243.851 6386784.748      50.557  -2.5   3.7   0.133333333 -0.00000044  0.00000000  9.80106425
     275    2  3 2017    10 36  4.000  1    6361243.851 6386784.747      50.557  -2.5   3.7   0.133333333 -0.00000044  0.00000000  9.80106429
     276    2  3 2017    10 36  5.000  1    6361243.851 6386784.747      50.557  -2.5   3.7   0.133333333 -0.00000044  0.00000000  9.80106428
     277    2  3 2017    10 36  6.000  1    6361243.845 6386784.746      50.557  -2.5   3.7   0.133333333 -0.00000044  0.00000000  9.80106433
     278    2  3 2017    10 36  7.000  1    6361243.836 6386784.742      50.556  -2.5   3.7   0.133333333 -0.00000044  0.00000000  9.80106444
     279    2  3 2017    10 36  8.000  1    6361243.827 6386784.740      50.556  -2.5   3.7   0.133333333 -0.00000044  0.00000000  9.80106439
     280    2  3 2017    10 36  9.000  1    6361243.821 6386784.738      50.556  -2.5   3.7   0.133333333 -0.00000044  0.00000000  9.80106436
     281    2  3 2017    10 36 10.000  1    6361243.816 6386784.736      50.556  -2.5   3.7   0.133333333 -0.00000044  0.00000000  9.80106432
     282    2  3 2017    10 36 11.000  1    6361243.814 6386784.735      50.556  -2.5   3.7   0.133333333 -0.00000044  0.00000000  9.80106438
     283    2  3 2017    10 36 12.000  1    6361243.814 6386784.735      50.556  -2.5   3.7   0.133333333 -0.00000044  0.00000000  9.80106437
     284    2  3 2017    10 36 13.000  1    6361243.814 6386784.735      50.556  -2.5   3.7   0.133333333 -0.00000044  0.00000000  9.80106434
     285    2  3 2017    10 36 14.000  1    6361243.814 6386784.735      50.556  -2.5   3.7   0.133333333 -0.00000044  0.00000000  9.80106435
     286    2  3 2017    10 36 15.000  1    6361243.814 6386784.735      50.556  -2.5   3.7   0.133333333 -0.00000044  0.00000000  9.80106436
     287    2  3 2017    10 36 16.000  1    6361243.814 6386784.735      50.556  -2.5   3.7   0.133333333 -0.00000044  0.00000000  9.80106436
     288    2  3 2017    10 36 17.000  1    6361243.814 6386784.735      50.556  -2.5   3.7   0.133333333 -0.00000044  0.00000000  9.80106433
     289    2  3 2017    10 36 18.000  1    6361243.814 6386784.735      50.556  -2.5   3.7   0.133333333 -0.00000044  0.00000000  9.80106435
     290    2  3 2017    10 36 19.000  1    6361243.814 6386784.735      50.556  -2.5   3.7   0.133333333 -0.00000044  0.00000000  9.80106436
     291    2  3 2017    10 36 20.000  1    6361243.814 6386784.735      50.556  -2.5   3.7   0.133333333 -0.00000044  0.00000000  9.80106436
     292    2  3 2017    10 36 21.000  1    6361243.814 6386784.735      50.556  -2.5   3.7   0.133333333 -0.00000044  0.00000000  9.80106436
     293    2  3 2017    10 36 22.000  1    6361243.814 6386784.735      50.556  -2.5   3.7   0.133333333 -0.00000044  0.00000000  9.80106436
     294    2  3 2017    10 36 23.000  1    6361243.814 6386784.735      50.556  -2.5   3.7   0.133333333 -0.00000044  0.00000000  9.80106437
     295    2  3 2017    10 36 24.000  1    6361243.814 6386784.735      50.556  -2.5   3.7   0.133333333 -0.00000044  0.00000000  9.80106437
     296    2  3 2017    10 36 25.000  1    6361243.814 6386784.735      50.556  -2.5   3.7   0.133333333 -0.00000044  0.00000000  9.80106437
     297    2  3 2017    10 36 26.000  1    6361243.814 6386784.735      50.556  -2.5   3.7   0.133333333 -0.00000044  0.00000000  9.80106435
     298    2  3 2017    10 36 27.000  1    6361243.814 6386784.735      50.556  -2.5   3.7   0.133333333 -0.00000044  0.00000000  9.80106436
     299    2  3 2017    10 36 28.000  1    6361243.814 6386784.735      50.556  -2.5   3.7   0.133333333 -0.00000044  0.00000000  9.80106435
     300    2  3 2017    10 36 29.000  1    6361243.814 6386784.735      50.556  -2.5   3.7   0.133333333 -0.00000044  0.00000000  9.80106435
     301    2  3 2017    10 36 30.000  1    6361243.814 6386784.735      50.556  -2.5   3.7   0.133333333 -0.00000044  0.00000000  9.80106437
     302    2  3 2017    10 36 31.000  1    6361243.814 6386784.735      50.556  -2.5   3.7   0.133333333 -0.00000044  0.00000000  9.80106437
     303    2  3 2017    10 36 32.000  1    6361243.814 6386784.735      50.556  -2.5   3.7   0.133333333 -0.00000044  0.00000000  9.80106436
     304    2  3 2017    10 36 33.000  1    6361243.814 6386784.735      50.556  -2.5   3.7   0.133333333 -0.00000044  0.00000000  9.80106435
     305    2  3 2017    10 36 34.000  1    6361243.814 6386784.735      50.556  -2.5   3.7   0.133333333 -0.00000044  0.00000000  9.80106435
     306    2  3 2017    10 36 35.000  1    6361243.814 6386784.735      50.556  -2.5   3.7   0.133333333 -0.00000044  0.00000000  9.80106437
     307    2  3 2017    10 36 36.000  1    6361243.814 6386784.735      50.556  -2.5   3.7   0.133333333 -0.00000044  0.00000000  9.80106433
     308    2  3 2017    10 36 37.000  1    6361243.814 6386784.735      50.556  -2.5   3.7   0.133333333 -0.00000044  0.00000000  9.80106435
     309    2  3 2017    10 36 38.000  1    6361243.814 6386784.735      50.556  -2.5   3.7   0.133333333 -0.00000044  0.00000000  9.80106435
     310    2  3 2017    10 36 39.000  1    6361243.814 6386784.735      50.556  -2.5   3.7   0.133333333 -0.00000044  0.00000000  9.80106434
     311    2  3 2017    10 36 40.000  1    6361243.814 6386784.735      50.556  -2.5   3.7   0.133333333 -0.00000044  0.00000000  9.80106436
     312    2  3 2017    10 36 41.000  1    6361243.814 6386784.735      50.556  -2.5   3.7   0.133333333 -0.00000044  0.00000000  9.80106435
     313    2  3 2017    10 36 42.000  1    6361243.814 6386784.735      50.556  -2.5   3.7   0.133333333 -0.00000044  0.00000000  9.80106435
     314    2  3 2017    10 36 43.000  1    6361243.814 6386784.735      50.556  -2.5   3.7   0.133333333 -0.00000044  0.00000000  9.80106433
     315    2  3 2017    10 36 44.000  1    6361243.814 6386784.735      50.556  -2.5   3.7   0.133333333 -0.00000044  0.00000000  9.80106433
     316    2  3 2017    10 36 45.000  1    6361243.814 6386784.735      50.556  -2.5   3.7   0.133333333 -0.00000044  0.00000000  9.80106433
     317    2  3 2017    10 36 46.000  1    6361243.814 6386784.735      50.556  -2.5   3.7   0.133333333 -0.00000044  0.00000000  9.80106432
     318    2  3 2017    10 36 47.000  1    6361243.814 6386784.735      50.556  -2.5   3.7   0.133333333 -0.00000044  0.00000000  9.80106432
     319    2  3 2017    10 36 48.000  1    6361243.814 6386784.735      50.556  -2.5   3.7   0.133333333 -0.00000044  0.00000000  9.80106434
     320    2  3 2017    10 36 49.000  1    6361243.814 6386784.735      50.556  -2.5   3.7   0.133333333 -0.00000044  0.00000000  9.80106434
     321    2  3 2017    10 36 50.000  1    6361243.814 6386784.735      50.556  -2.5   3.7   0.133333333 -0.00000044  0.00000000  9.80106433
     322    2  3 2017    10 36 51.000  1    6361243.814 6386784.735      50.556  -2.5   3.7   0.133333333 -0.00000044  0.00000000  9.80106431
     323    2  3 2017    10 36 52.000  1    6361243.814 6386784.735      50.556  -2.5   3.7   0.133333333 -0.00000044  0.00000000  9.80106433
     324    2  3 2017    10 36 53.000  1    6361243.814 6386784.735      50.556  -2.5   3.7   0.133333333 -0.00000044  0.00000000  9.80106433
     325    2  3 2017    10 36 54.000  1    6361243.814 6386784.735      50.556  -2.5   3.7   0.133333333 -0.00000044  0.00000000  9.80106434
     326    2  3 2017    10 36 55.000  1    6361243.814 6386784.735      50.556  -2.5   3.7   0.133333333 -0.00000044  0.00000000  9.80106434
     327    2  3 2017    10 36 56.000  1    6361243.814 6386784.735      50.556  -2.5   3.7   0.133333333 -0.00000044  0.00000000  9.80106434
     328    2  3 2017    10 36 57.000  1    6361243.814 6386784.735      50.556  -2.5   3.7   0.133333333 -0.00000044  0.00000000  9.80106434
     329    2  3 2017    10 36 58.000  1    6361243.814 6386784.735      50.556  -2.5   3.7   0.133333333 -0.00000044  0.00000000  9.80106432
     330    2  3 2017    10 36 59.000  1    6361243.814 6386784.735      50.556  -2.5   3.7   0.133333333 -0.00000044  0.00000000  9.80106432
     331    2  3 2017    10 36 60.000  1    6361243.814 6386784.735      50.556  -2.5   3.7   0.133333333 -0.00000044  0.00000000  9.80106433
