       1    2  3 2017    10 17 29.000  1    6361243.814 6386784.735      50.556  -2.5   3.7   0.133333333 -0.00000044  0.00000000  9.80106436
       2    2  3 2017    10 17 30.000  1    6361243.814 6386784.735      50.556  -2.5   3.7   0.133333333 -0.00000044  0.00000000  9.80106437
       3    2  3 2017    10 17 31.000  1    6361243.814 6386784.735      50.556  -2.5   3.7   0.133333333 -0.00000044  0.00000000  9.80106437
       4    2  3 2017    10 17 32.000  1    6361243.814 6386784.735      50.556  -2.5   3.7   0.133333333 -0.00000044  0.00000000  9.80106439
       5    2  3 2017    10 17 33.000  1    6361243.814 6386784.735      50.556  -2.5   3.7   0.133333333 -0.00000044  0.00000000  9.80106439
       6    2  3 2017    10 17 34.000  1    6361243.814 6386784.735      50.556  -2.5   3.7   0.133333333 -0.00000044  0.00000000  9.80106441
       7    2  3 2017    10 17 35.000  1    6361243.814 6386784.735      50.556  -2.5   3.7   0.133333333 -0.00000044  0.00000000  9.80106442
       8    2  3 2017    10 17 36.000  1    6361243.814 6386784.735      50.556  -2.5   3.7   0.133333333 -0.00000044  0.00000000  9.80106440
       9    2  3 2017    10 17 37.000  1    6361243.814 6386784.735      50.556  -2.5   3.7   0.133333333 -0.00000044  0.00000000  9.80106440
      10    2  3 2017    10 17 38.000  1    6361243.814 6386784.735      50.556  -2.5   3.7   0.133333333 -0.00000044  0.00000000  9.80106441
      11    2  3 2017    10 17 39.000  1    6361243.814 6386784.735      50.556  -2.5   3.7   0.133333333 -0.00000044  0.00000000  9.80106442
      12    2  3 2017    10 17 40.000  1    6361243.814 6386784.735      50.556  -2.5   3.7   0.133333333 -0.00000044  0.00000000  9.80106438
      13    2  3 2017    10 17 41.000  1    6361243.814 6386784.735      50.556  -2.5   3.7   0.133333333 -0.00000044  0.00000000  9.80106439
      14    2  3 2017    10 17 42.000  1    6361243.814 6386784.735      50.556  -2.5   3.7   0.133333333 -0.00000044  0.00000000  9.80106441
      15    2  3 2017    10 17 43.000  1    6361243.814 6386784.735      50.556  -2.5   3.7   0.133333333 -0.00000044  0.00000000  9.80106441
      16    2  3 2017    10 17 44.000  1    6361243.814 6386784.735      50.556  -2.5   3.7   0.133333333 -0.00000044  0.00000000  9.80106440
      17    2  3 2017    10 17 45.000  1    6361243.814 6386784.735      50.556  -2.5   3.7   0.133333333 -0.00000044  0.00000000  9.80106442
      18    2  3 2017    10 17 46.000  1    6361243.814 6386784.735      50.556  -2.5   3.7   0.133333333 -0.00000044  0.00000000  9.80106441
      19    2  3 2017    10 17 47.000  1    6361243.814 6386784.735      50.556  -2.5   3.7   0.133333333 -0.00000044  0.00000000  9.80106441
      20    2  3 2017    10 17 48.000  1    6361243.814 6386784.735      50.556  -2.5   3.7   0.133333333 -0.00000044  0.00000000  9.80106441
      21    2  3 2017    10 17 49.000  1    6361243.814 6386784.735      50.556  -2.5   3.7   0.133333333 -0.00000044  0.00000000  9.80106443
      22    2  3 2017    10 17 50.000  1    6361243.814 6386784.735      50.556  -2.5   3.7   0.133333333 -0.00000044  0.00000000  9.80106440
      23    2  3 2017    10 17 51.000  1    6361243.814 6386784.735      50.556  -2.5   3.7   0.133333333 -0.00000044  0.00000000  9.80106441
      24    2  3 2017    10 17 52.000  1    6361243.814 6386784.735      50.556  -2.5   3.7   0.133333333 -0.00000044  0.00000000  9.80106440
      25    2  3 2017    10 17 53.000  1    6361243.814 6386784.735      50.556  -2.5   3.7   0.133333333 -0.00000044  0.00000000  9.80106441
      26    2  3 2017    10 17 54.000  1    6361243.814 6386784.735      50.556  -2.5   3.7   0.133333333 -0.00000044  0.00000000  9.80106441
      27    2  3 2017    10 17 55.000  1    6361243.814 6386784.735      50.556  -2.5   3.7   0.133333333 -0.00000044  0.00000000  9.80106443
      28    2  3 2017    10 17 56.000  1    6361243.814 6386784.735      50.556  -2.5   3.7   0.133333333 -0.00000044  0.00000000  9.80106444
      29    2  3 2017    10 17 57.000  1    6361243.814 6386784.735      50.556  -2.5   3.7   0.133333333 -0.00000044  0.00000000  9.80106442
      30    2  3 2017    10 17 58.000  1    6361243.814 6386784.735      50.556  -2.5   3.7   0.133333333 -0.00000044  0.00000000  9.80106443
      31    2  3 2017    10 17 59.000  1    6361243.814 6386784.735      50.556  -2.5   3.7   0.133333333 -0.00000044  0.00000000  9.80106445
      32    2  3 2017    10 18  0.000  1    6361243.814 6386784.735      50.556  -2.5   3.7   0.133333333 -0.00000044  0.00000000  9.80106444
      33    2  3 2017    10 18  1.000  1    6361243.814 6386784.735      50.556  -2.5   3.7   0.133333333 -0.00000044  0.00000000  9.80106443
      34    2  3 2017    10 18  2.000  1    6361243.814 6386784.735      50.556  -2.5   3.7   0.133333333 -0.00000044  0.00000000  9.80106443
      35    2  3 2017    10 18  3.000  1    6361243.814 6386784.735      50.556  -2.5   3.7   0.133333333 -0.00000044  0.00000000  9.80106444
      36    2  3 2017    10 18  4.000  1    6361243.814 6386784.735      50.556  -2.5   3.7   0.133333333 -0.00000044  0.00000000  9.80106443
      37    2  3 2017    10 18  5.000  1    6361243.814 6386784.735      50.556  -2.5   3.7   0.133333333 -0.00000044  0.00000000  9.80106444
      38    2  3 2017    10 18  6.000  1    6361243.814 6386784.735      50.556  -2.5   3.7   0.133333333 -0.00000044  0.00000000  9.80106444
      39    2  3 2017    10 18  7.000  1    6361243.814 6386784.735      50.556  -2.5   3.7   0.133333333 -0.00000044  0.00000000  9.80106443
      40    2  3 2017    10 18  8.000  1    6361243.814 6386784.735      50.556  -2.5   3.7   0.133333333 -0.00000044  0.00000000  9.80106446
      41    2  3 2017    10 18  9.000  1    6361243.814 6386784.735      50.556  -2.5   3.7   0.133333333 -0.00000044  0.00000000  9.80106442
      42    2  3 2017    10 18 10.000  1    6361243.814 6386784.735      50.556  -2.5   3.7   0.133333333 -0.00000044  0.00000000  9.80106444
      43    2  3 2017    10 18 11.000  1    6361243.814 6386784.735      50.556  -2.5   3.7   0.133333333 -0.00000044  0.00000000  9.80106442
      44    2  3 2017    10 18 12.000  1    6361243.814 6386784.735      50.556  -2.5   3.7   0.133333333 -0.00000044  0.00000000  9.80106444
      45    2  3 2017    10 18 13.000  1    6361243.814 6386784.735      50.556  -2.5   3.7   0.133333333 -0.00000044  0.00000000  9.80106442
      46    2  3 2017    10 18 14.000  1    6361243.811 6386784.734      50.556  -2.5   3.7   0.133333333 -0.00000044  0.00000000  9.80106437
      47    2  3 2017    10 18 15.000  1    6361243.809 6386784.733      50.556  -2.5   3.7   0.133333333 -0.00000044  0.00000000  9.80106425
      48    2  3 2017    10 18 16.000  1    6361243.805 6386784.732      50.556  -2.5   3.7   0.133333333 -0.00000044  0.00000000  9.80106409
      49    2  3 2017    10 18 17.000  1    6361243.800 6386784.730      50.556  -2.5   3.7   0.133333333 -0.00000044  0.00000000  9.80106381
      50    2  3 2017    10 18 18.000  1    6361243.793 6386784.728      50.556  -2.5   3.7   0.133333333 -0.00000044  0.00000000  9.80106382
      51    2  3 2017    10 18 19.000  1    6361243.787 6386784.726      50.556  -2.5   3.7   0.133333333 -0.00000044  0.00000000  9.80106368
      52    2  3 2017    10 18 20.000  1    6361243.780 6386784.724      50.556  -2.5   3.7   0.133333333 -0.00000044  0.00000000  9.80106369
      53    2  3 2017    10 18 21.000  1    6361243.773 6386784.721      50.556  -2.5   3.7   0.133333333 -0.00000044  0.00000000  9.80106357
      54    2  3 2017    10 18 22.000  1    6361243.765 6386784.719      50.556  -2.5   3.7   0.133333333 -0.00000044  0.00000000  9.80106363
      55    2  3 2017    10 18 23.000  1    6361243.758 6386784.716      50.556  -2.5   3.7   0.133333333 -0.00000044  0.00000000  9.80106362
      56    2  3 2017    10 18 24.000  1    6361243.749 6386784.714      50.556  -2.5   3.7   0.133333333 -0.00000044  0.00000000  9.80106369
      57    2  3 2017    10 18 25.000  1    6361243.741 6386784.711      50.556  -2.5   3.7   0.133333333 -0.00000044  0.00000000  9.80106368
      58    2  3 2017    10 18 26.000  1    6361243.733 6386784.708      50.556  -2.5   3.7   0.133333333 -0.00000044  0.00000000  9.80106362
      59    2  3 2017    10 18 27.000  1    6361243.725 6386784.705      50.556  -2.5   3.7   0.133333333 -0.00000044  0.00000000  9.80106355
      60    2  3 2017    10 18 28.000  1    6361243.716 6386784.702      50.556  -2.5   3.7   0.133333333 -0.00000044  0.00000000  9.80106359
      61    2  3 2017    10 18 29.000  1    6361243.709 6386784.700      50.556  -2.5   3.7   0.133333333 -0.00000044  0.00000000  9.80106356
      62    2  3 2017    10 18 30.000  1    6361243.700 6386784.697      50.556  -2.5   3.7   0.133333333 -0.00000044  0.00000000  9.80106356
      63    2  3 2017    10 18 31.000  1    6361243.692 6386784.694      50.556  -2.5   3.7   0.133333333 -0.00000044  0.00000000  9.80106345
      64    2  3 2017    10 18 32.000  1    6361243.686 6386784.692      50.556  -2.5   3.7   0.133333333 -0.00000044  0.00000000  9.80106350
      65    2  3 2017    10 18 33.000  1    6361243.678 6386784.690      50.556  -2.5   3.7   0.133333333 -0.00000044  0.00000000  9.80106352
      66    2  3 2017    10 18 34.000  1    6361243.671 6386784.687      50.556  -2.5   3.7   0.133333333 -0.00000044  0.00000000  9.80106352
      67    2  3 2017    10 18 35.000  1    6361243.664 6386784.685      50.556  -2.5   3.7   0.133333333 -0.00000044  0.00000000  9.80106345
      68    2  3 2017    10 18 36.000  1    6361243.658 6386784.683      50.556  -2.5   3.7   0.133333333 -0.00000044  0.00000000  9.80106336
      69    2  3 2017    10 18 37.000  1    6361243.652 6386784.681      50.556  -2.5   3.7   0.133333333 -0.00000044  0.00000000  9.80106336
      70    2  3 2017    10 18 38.000  1    6361243.646 6386784.679      50.556  -2.5   3.7   0.133333333 -0.00000044  0.00000000  9.80106336
      71    2  3 2017    10 18 39.000  1    6361243.643 6386784.678      50.556  -2.5   3.7   0.133333333 -0.00000044  0.00000000  9.80106329
      72    2  3 2017    10 18 40.000  1    6361243.641 6386784.677      50.556  -2.5   3.7   0.133333333 -0.00000044  0.00000000  9.80106334
      73    2  3 2017    10 18 41.000  1    6361243.640 6386784.677      50.556  -2.5   3.7   0.133333333 -0.00000044  0.00000000  9.80106332
      74    2  3 2017    10 18 42.000  1    6361243.640 6386784.677      50.556  -2.5   3.7   0.133333333 -0.00000044  0.00000000  9.80106334
      75    2  3 2017    10 18 43.000  1    6361243.640 6386784.677      50.556  -2.5   3.7   0.133333333 -0.00000044  0.00000000  9.80106330
      76    2  3 2017    10 18 44.000  1    6361243.641 6386784.677      50.556  -2.5   3.7   0.133333333 -0.00000044  0.00000000  9.80106330
      77    2  3 2017    10 18 45.000  1    6361243.641 6386784.677      50.556  -2.5   3.7   0.133333333 -0.00000044  0.00000000  9.80106329
      78    2  3 2017    10 18 46.000  1    6361243.642 6386784.678      50.556  -2.5   3.7   0.133333333 -0.00000044  0.00000000  9.80106329
      79    2  3 2017    10 18 47.000  1    6361243.642 6386784.678      50.556  -2.5   3.7   0.133333333 -0.00000044  0.00000000  9.80106329
      80    2  3 2017    10 18 48.000  1    6361243.642 6386784.678      50.556  -2.5   3.7   0.133333333 -0.00000044  0.00000000  9.80106330
      81    2  3 2017    10 18 49.000  1    6361243.642 6386784.678      50.556  -2.5   3.7   0.133333333 -0.00000044  0.00000000  9.80106327
      82    2  3 2017    10 18 50.000  1    6361243.642 6386784.678      50.556  -2.5   3.7   0.133333333 -0.00000044  0.00000000  9.80106327
      83    2  3 2017    10 18 51.000  1    6361243.642 6386784.678      50.556  -2.5   3.7   0.133333333 -0.00000044  0.00000000  9.80106329
      84    2  3 2017    10 18 52.000  1    6361243.642 6386784.678      50.556  -2.5   3.7   0.133333333 -0.00000044  0.00000000  9.80106330
      85    2  3 2017    10 18 53.000  1    6361243.642 6386784.678      50.556  -2.5   3.7   0.133333333 -0.00000044  0.00000000  9.80106330
      86    2  3 2017    10 18 54.000  1    6361243.642 6386784.678      50.556  -2.5   3.7   0.133333333 -0.00000044  0.00000000  9.80106329
      87    2  3 2017    10 18 55.000  1    6361243.642 6386784.678      50.556  -2.5   3.7   0.133333333 -0.00000044  0.00000000  9.80106330
      88    2  3 2017    10 18 56.000  1    6361243.642 6386784.678      50.556  -2.5   3.7   0.133333333 -0.00000044  0.00000000  9.80106328
      89    2  3 2017    10 18 57.000  1    6361243.642 6386784.678      50.556  -2.5   3.7   0.133333333 -0.00000044  0.00000000  9.80106332
      90    2  3 2017    10 18 58.000  1    6361243.642 6386784.678      50.556  -2.5   3.7   0.133333333 -0.00000044  0.00000000  9.80106329
      91    2  3 2017    10 18 59.000  1    6361243.642 6386784.678      50.556  -2.5   3.7   0.133333333 -0.00000044  0.00000000  9.80106330
      92    2  3 2017    10 19  0.000  1    6361243.642 6386784.678      50.556  -2.5   3.7   0.133333333 -0.00000044  0.00000000  9.80106328
      93    2  3 2017    10 19  1.000  1    6361243.642 6386784.678      50.556  -2.5   3.7   0.133333333 -0.00000044  0.00000000  9.80106329
      94    2  3 2017    10 19  2.000  1    6361243.642 6386784.678      50.556  -2.5   3.7   0.133333333 -0.00000044  0.00000000  9.80106328
      95    2  3 2017    10 19  3.000  1    6361243.642 6386784.678      50.556  -2.5   3.7   0.133333333 -0.00000044  0.00000000  9.80106329
      96    2  3 2017    10 19  4.000  1    6361243.642 6386784.678      50.556  -2.5   3.7   0.133333333 -0.00000044  0.00000000  9.80106330
      97    2  3 2017    10 19  5.000  1    6361243.642 6386784.678      50.556  -2.5   3.7   0.133333333 -0.00000044  0.00000000  9.80106330
      98    2  3 2017    10 19  6.000  1    6361243.642 6386784.678      50.556  -2.5   3.7   0.133333333 -0.00000044  0.00000000  9.80106329
      99    2  3 2017    10 19  7.000  1    6361243.642 6386784.678      50.556  -2.5   3.7   0.133333333 -0.00000044  0.00000000  9.80106332
     100    2  3 2017    10 19  8.000  1    6361243.642 6386784.678      50.556  -2.5   3.7   0.133333333 -0.00000044  0.00000000  9.80106329
     101    2  3 2017    10 19  9.000  1    6361243.642 6386784.678      50.556  -2.5   3.7   0.133333333 -0.00000044  0.00000000  9.80106330
     102    2  3 2017    10 19 10.000  1    6361243.642 6386784.678      50.556  -2.5   3.7   0.133333333 -0.00000044  0.00000000  9.80106331
     103    2  3 2017    10 19 11.000  1    6361243.642 6386784.678      50.556  -2.5   3.7   0.133333333 -0.00000044  0.00000000  9.80106332
     104    2  3 2017    10 19 12.000  1    6361243.642 6386784.678      50.556  -2.5   3.7   0.133333333 -0.00000044  0.00000000  9.80106332
     105    2  3 2017    10 19 13.000  1    6361243.642 6386784.678      50.556  -2.5   3.7   0.133333333 -0.00000044  0.00000000  9.80106330
     106    2  3 2017    10 19 14.000  1    6361243.642 6386784.678      50.556  -2.5   3.7   0.133333333 -0.00000044  0.00000000  9.80106332
     107    2  3 2017    10 19 15.000  1    6361243.642 6386784.678      50.556  -2.5   3.7   0.133333333 -0.00000044  0.00000000  9.80106332
     108    2  3 2017    10 19 16.000  1    6361243.642 6386784.678      50.556  -2.5   3.7   0.133333333 -0.00000044  0.00000000  9.80106333
     109    2  3 2017    10 19 17.000  1    6361243.642 6386784.678      50.556  -2.5   3.7   0.133333333 -0.00000044  0.00000000  9.80106330
     110    2  3 2017    10 19 18.000  1    6361243.642 6386784.678      50.556  -2.5   3.7   0.133333333 -0.00000044  0.00000000  9.80106332
     111    2  3 2017    10 19 19.000  1    6361243.642 6386784.678      50.556  -2.5   3.7   0.133333333 -0.00000044  0.00000000  9.80106332
     112    2  3 2017    10 19 20.000  1    6361243.642 6386784.678      50.556  -2.5   3.7   0.133333333 -0.00000044  0.00000000  9.80106333
     113    2  3 2017    10 19 21.000  1    6361243.642 6386784.678      50.556  -2.5   3.7   0.133333333 -0.00000044  0.00000000  9.80106332
     114    2  3 2017    10 19 22.000  1    6361243.642 6386784.678      50.556  -2.5   3.7   0.133333333 -0.00000044  0.00000000  9.80106332
     115    2  3 2017    10 19 23.000  1    6361243.642 6386784.678      50.556  -2.5   3.7   0.133333333 -0.00000044  0.00000000  9.80106331
     116    2  3 2017    10 19 24.000  1    6361243.642 6386784.678      50.556  -2.5   3.7   0.133333333 -0.00000044  0.00000000  9.80106331
     117    2  3 2017    10 19 25.000  1    6361243.642 6386784.678      50.556  -2.5   3.7   0.133333333 -0.00000044  0.00000000  9.80106331
     118    2  3 2017    10 19 26.000  1    6361243.642 6386784.678      50.556  -2.5   3.7   0.133333333 -0.00000044  0.00000000  9.80106331
     119    2  3 2017    10 19 27.000  1    6361243.642 6386784.678      50.556  -2.5   3.7   0.133333333 -0.00000044  0.00000000  9.80106333
     120    2  3 2017    10 19 28.000  1    6361243.642 6386784.678      50.556  -2.5   3.7   0.133333333 -0.00000044  0.00000000  9.80106333
     121    2  3 2017    10 19 29.000  1    6361243.642 6386784.678      50.556  -2.5   3.7   0.133333333 -0.00000044  0.00000000  9.80106332
     122    2  3 2017    10 19 30.000  1    6361243.642 6386784.678      50.556  -2.5   3.7   0.133333333 -0.00000044  0.00000000  9.80106333
     123    2  3 2017    10 19 31.000  1    6361243.642 6386784.678      50.556  -2.5   3.7   0.133333333 -0.00000044  0.00000000  9.80106333
     124    2  3 2017    10 19 32.000  1    6361243.642 6386784.678      50.556  -2.5   3.7   0.133333333 -0.00000044  0.00000000  9.80106332
     125    2  3 2017    10 19 33.000  1    6361243.642 6386784.678      50.556  -2.5   3.7   0.133333333 -0.00000044  0.00000000  9.80106333
     126    2  3 2017    10 19 34.000  1    6361243.642 6386784.678      50.556  -2.5   3.7   0.133333333 -0.00000044  0.00000000  9.80106331
     127    2  3 2017    10 19 35.000  1    6361243.642 6386784.678      50.556  -2.5   3.7   0.133333333 -0.00000044  0.00000000  9.80106333
     128    2  3 2017    10 19 36.000  1    6361243.642 6386784.678      50.556  -2.5   3.7   0.133333333 -0.00000044  0.00000000  9.80106333
     129    2  3 2017    10 19 37.000  1    6361243.642 6386784.678      50.556  -2.5   3.7   0.133333333 -0.00000044  0.00000000  9.80106329
     130    2  3 2017    10 19 38.000  1    6361243.642 6386784.678      50.556  -2.5   3.7   0.133333333 -0.00000044  0.00000000  9.80106332
     131    2  3 2017    10 19 39.000  1    6361243.642 6386784.678      50.556  -2.5   3.7   0.133333333 -0.00000044  0.00000000  9.80106330
     132    2  3 2017    10 19 40.000  1    6361243.642 6386784.678      50.556  -2.5   3.7   0.133333333 -0.00000044  0.00000000  9.80106334
     133    2  3 2017    10 19 41.000  1    6361243.642 6386784.678      50.556  -2.5   3.7   0.133333333 -0.00000044  0.00000000  9.80106331
     134    2  3 2017    10 19 42.000  1    6361243.642 6386784.678      50.556  -2.5   3.7   0.133333333 -0.00000044  0.00000000  9.80106330
     135    2  3 2017    10 19 43.000  1    6361243.642 6386784.678      50.556  -2.5   3.7   0.133333333 -0.00000044  0.00000000  9.80106329
     136    2  3 2017    10 19 44.000  1    6361243.642 6386784.678      50.556  -2.5   3.7   0.133333333 -0.00000044  0.00000000  9.80106331
     137    2  3 2017    10 19 45.000  1    6361243.642 6386784.678      50.556  -2.5   3.7   0.133333333 -0.00000044  0.00000000  9.80106331
     138    2  3 2017    10 19 46.000  1    6361243.642 6386784.678      50.556  -2.5   3.7   0.133333333 -0.00000044  0.00000000  9.80106331
     139    2  3 2017    10 19 47.000  1    6361243.642 6386784.678      50.556  -2.5   3.7   0.133333333 -0.00000044  0.00000000  9.80106328
     140    2  3 2017    10 19 48.000  1    6361243.642 6386784.678      50.556  -2.5   3.7   0.133333333 -0.00000044  0.00000000  9.80106330
     141    2  3 2017    10 19 49.000  1    6361243.642 6386784.678      50.556  -2.5   3.7   0.133333333 -0.00000044  0.00000000  9.80106330
     142    2  3 2017    10 19 50.000  1    6361243.642 6386784.678      50.556  -2.5   3.7   0.133333333 -0.00000044  0.00000000  9.80106334
     143    2  3 2017    10 19 51.000  1    6361243.642 6386784.678      50.556  -2.5   3.7   0.133333333 -0.00000044  0.00000000  9.80106334
     144    2  3 2017    10 19 52.000  1    6361243.642 6386784.678      50.556  -2.5   3.7   0.133333333 -0.00000044  0.00000000  9.80106331
     145    2  3 2017    10 19 53.000  1    6361243.642 6386784.678      50.556  -2.5   3.7   0.133333333 -0.00000044  0.00000000  9.80106331
     146    2  3 2017    10 19 54.000  1    6361243.642 6386784.678      50.556  -2.5   3.7   0.133333333 -0.00000044  0.00000000  9.80106332
     147    2  3 2017    10 19 55.000  1    6361243.642 6386784.678      50.556  -2.5   3.7   0.133333333 -0.00000044  0.00000000  9.80106331
     148    2  3 2017    10 19 56.000  1    6361243.642 6386784.678      50.556  -2.5   3.7   0.133333333 -0.00000044  0.00000000  9.80106328
     149    2  3 2017    10 19 57.000  1    6361243.642 6386784.678      50.556  -2.5   3.7   0.133333333 -0.00000044  0.00000000  9.80106331
     150    2  3 2017    10 19 58.000  1    6361243.642 6386784.678      50.556  -2.5   3.7   0.133333333 -0.00000044  0.00000000  9.80106332
     151    2  3 2017    10 19 59.000  1    6361243.642 6386784.678      50.556  -2.5   3.7   0.133333333 -0.00000044  0.00000000  9.80106330
     152    2  3 2017    10 19 60.000  1    6361243.642 6386784.678      50.556  -2.5   3.7   0.133333333 -0.00000044  0.00000000  9.80106332
     153    2  3 2017    10 20  1.000  1    6361243.644 6386784.678      50.556  -2.5   3.7   0.133333333 -0.00000044  0.00000000  9.80106330
     154    2  3 2017    10 20  2.000  1    6361243.648 6386784.680      50.556  -2.5   3.7   0.133333333 -0.00000044  0.00000000  9.80106325
     155    2  3 2017    10 20  3.000  1    6361243.653 6386784.681      50.556  -2.5   3.7   0.133333333 -0.00000044  0.00000000  9.80106327
     156    2  3 2017    10 20  4.000  1    6361243.660 6386784.684      50.556  -2.5   3.7   0.133333333 -0.00000044  0.00000000  9.80106326
     157    2  3 2017    10 20  5.000  1    6361243.666 6386784.686      50.557  -2.5   3.7   0.133333333 -0.00000044  0.00000000  9.80106326
     158    2  3 2017    10 20  6.000  1    6361243.674 6386784.688      50.557  -2.5   3.7   0.133333333 -0.00000044  0.00000000  9.80106316
     159    2  3 2017    10 20  7.000  1    6361243.682 6386784.691      50.557  -2.5   3.7   0.133333333 -0.00000044  0.00000000  9.80106321
     160    2  3 2017    10 20  8.000  1    6361243.689 6386784.693      50.557  -2.5   3.7   0.133333333 -0.00000044  0.00000000  9.80106316
     161    2  3 2017    10 20  9.000  1    6361243.697 6386784.696      50.557  -2.5   3.7   0.133333333 -0.00000044  0.00000000  9.80106322
     162    2  3 2017    10 20 10.000  1    6361243.704 6386784.698      50.557  -2.5   3.7   0.133333333 -0.00000044  0.00000000  9.80106319
     163    2  3 2017    10 20 11.000  1    6361243.712 6386784.701      50.557  -2.5   3.7   0.133333333 -0.00000044  0.00000000  9.80106331
     164    2  3 2017    10 20 12.000  1    6361243.719 6386784.703      50.557  -2.5   3.7   0.133333333 -0.00000044  0.00000000  9.80106327
     165    2  3 2017    10 20 13.000  1    6361243.725 6386784.705      50.557  -2.5   3.7   0.133333333 -0.00000044  0.00000000  9.80106329
     166    2  3 2017    10 20 14.000  1    6361243.728 6386784.706      50.557  -2.5   3.7   0.133333333 -0.00000044  0.00000000  9.80106323
     167    2  3 2017    10 20 15.000  1    6361243.729 6386784.707      50.557  -2.5   3.7   0.133333333 -0.00000044  0.00000000  9.80106324
     168    2  3 2017    10 20 16.000  1    6361243.729 6386784.707      50.557  -2.5   3.7   0.133333333 -0.00000044  0.00000000  9.80106323
     169    2  3 2017    10 20 17.000  1    6361243.729 6386784.707      50.557  -2.5   3.7   0.133333333 -0.00000044  0.00000000  9.80106328
     170    2  3 2017    10 20 18.000  1    6361243.729 6386784.707      50.557  -2.5   3.7   0.133333333 -0.00000044  0.00000000  9.80106328
     171    2  3 2017    10 20 19.000  1    6361243.729 6386784.707      50.557  -2.5   3.7   0.133333333 -0.00000044  0.00000000  9.80106326
     172    2  3 2017    10 20 20.000  1    6361243.729 6386784.707      50.557  -2.5   3.7   0.133333333 -0.00000044  0.00000000  9.80106328
     173    2  3 2017    10 20 21.000  1    6361243.729 6386784.707      50.557  -2.5   3.7   0.133333333 -0.00000044  0.00000000  9.80106325
     174    2  3 2017    10 20 22.000  1    6361243.729 6386784.707      50.557  -2.5   3.7   0.133333333 -0.00000044  0.00000000  9.80106328
     175    2  3 2017    10 20 23.000  1    6361243.729 6386784.707      50.557  -2.5   3.7   0.133333333 -0.00000044  0.00000000  9.80106326
     176    2  3 2017    10 20 24.000  1    6361243.729 6386784.707      50.557  -2.5   3.7   0.133333333 -0.00000044  0.00000000  9.80106328
     177    2  3 2017    10 20 25.000  1    6361243.729 6386784.707      50.557  -2.5   3.7   0.133333333 -0.00000044  0.00000000  9.80106324
     178    2  3 2017    10 20 26.000  1    6361243.729 6386784.707      50.557  -2.5   3.7   0.133333333 -0.00000044  0.00000000  9.80106327
     179    2  3 2017    10 20 27.000  1    6361243.729 6386784.707      50.557  -2.5   3.7   0.133333333 -0.00000044  0.00000000  9.80106327
     180    2  3 2017    10 20 28.000  1    6361243.729 6386784.707      50.557  -2.5   3.7   0.133333333 -0.00000044  0.00000000  9.80106326
     181    2  3 2017    10 20 29.000  1    6361243.729 6386784.707      50.557  -2.5   3.7   0.133333333 -0.00000044  0.00000000  9.80106327
     182    2  3 2017    10 20 30.000  1    6361243.729 6386784.707      50.557  -2.5   3.7   0.133333333 -0.00000044  0.00000000  9.80106326
     183    2  3 2017    10 20 31.000  1    6361243.729 6386784.707      50.557  -2.5   3.7   0.133333333 -0.00000044  0.00000000  9.80106330
     184    2  3 2017    10 20 32.000  1    6361243.729 6386784.707      50.557  -2.5   3.7   0.133333333 -0.00000044  0.00000000  9.80106326
     185    2  3 2017    10 20 33.000  1    6361243.729 6386784.707      50.557  -2.5   3.7   0.133333333 -0.00000044  0.00000000  9.80106326
     186    2  3 2017    10 20 34.000  1    6361243.729 6386784.707      50.557  -2.5   3.7   0.133333333 -0.00000044  0.00000000  9.80106326
     187    2  3 2017    10 20 35.000  1    6361243.729 6386784.707      50.557  -2.5   3.7   0.133333333 -0.00000044  0.00000000  9.80106326
     188    2  3 2017    10 20 36.000  1    6361243.731 6386784.707      50.557  -2.5   3.7   0.133333333 -0.00000044  0.00000000  9.80106327
     189    2  3 2017    10 20 37.000  1    6361243.734 6386784.708      50.557  -2.5   3.7   0.133333333 -0.00000044  0.00000000  9.80106333
     190    2  3 2017    10 20 38.000  1    6361243.740 6386784.710      50.557  -2.5   3.7   0.133333333 -0.00000044  0.00000000  9.80106330
     191    2  3 2017    10 20 39.000  1    6361243.746 6386784.712      50.557  -2.5   3.7   0.133333333 -0.00000044  0.00000000  9.80106329
     192    2  3 2017    10 20 40.000  1    6361243.753 6386784.715      50.557  -2.5   3.7   0.133333333 -0.00000044  0.00000000  9.80106333
     193    2  3 2017    10 20 41.000  1    6361243.759 6386784.717      50.557  -2.5   3.7   0.133333333 -0.00000044  0.00000000  9.80106331
     194    2  3 2017    10 20 42.000  1    6361243.765 6386784.719      50.557  -2.5   3.7   0.133333333 -0.00000044  0.00000000  9.80106334
     195    2  3 2017    10 20 43.000  1    6361243.771 6386784.721      50.557  -2.5   3.7   0.133333333 -0.00000044  0.00000000  9.80106332
     196    2  3 2017    10 20 44.000  1    6361243.777 6386784.723      50.557  -2.5   3.7   0.133333333 -0.00000044  0.00000000  9.80106326
     197    2  3 2017    10 20 45.000  1    6361243.783 6386784.725      50.557  -2.5   3.7   0.133333333 -0.00000044  0.00000000  9.80106331
     198    2  3 2017    10 20 46.000  1    6361243.787 6386784.726      50.557  -2.5   3.7   0.133333333 -0.00000044  0.00000000  9.80106333
     199    2  3 2017    10 20 47.000  1    6361243.789 6386784.727      50.557  -2.5   3.7   0.133333333 -0.00000044  0.00000000  9.80106332
     200    2  3 2017    10 20 48.000  1    6361243.790 6386784.727      50.557  -2.5   3.7   0.133333333 -0.00000044  0.00000000  9.80106331
     201    2  3 2017    10 20 49.000  1    6361243.789 6386784.727      50.557  -2.5   3.7   0.133333333 -0.00000044  0.00000000  9.80106331
     202    2  3 2017    10 20 50.000  1    6361243.789 6386784.727      50.557  -2.5   3.7   0.133333333 -0.00000044  0.00000000  9.80106329
     203    2  3 2017    10 20 51.000  1    6361243.789 6386784.727      50.557  -2.5   3.7   0.133333333 -0.00000044  0.00000000  9.80106333
     204    2  3 2017    10 20 52.000  1    6361243.789 6386784.727      50.557  -2.5   3.7   0.133333333 -0.00000044  0.00000000  9.80106334
     205    2  3 2017    10 20 53.000  1    6361243.789 6386784.727      50.557  -2.5   3.7   0.133333333 -0.00000044  0.00000000  9.80106332
     206    2  3 2017    10 20 54.000  1    6361243.789 6386784.727      50.557  -2.5   3.7   0.133333333 -0.00000044  0.00000000  9.80106332
     207    2  3 2017    10 20 55.000  1    6361243.789 6386784.727      50.557  -2.5   3.7   0.133333333 -0.00000044  0.00000000  9.80106332
     208    2  3 2017    10 20 56.000  1    6361243.789 6386784.727      50.557  -2.5   3.7   0.133333333 -0.00000044  0.00000000  9.80106332
     209    2  3 2017    10 20 57.000  1    6361243.789 6386784.727      50.557  -2.5   3.7   0.133333333 -0.00000044  0.00000000  9.80106334
     210    2  3 2017    10 20 58.000  1    6361243.789 6386784.727      50.557  -2.5   3.7   0.133333333 -0.00000044  0.00000000  9.80106333
     211    2  3 2017    10 20 59.000  1    6361243.789 6386784.727      50.557  -2.5   3.7   0.133333333 -0.00000044  0.00000000  9.80106333
     212    2  3 2017    10 21  0.000  1    6361243.789 6386784.727      50.557  -2.5   3.7   0.133333333 -0.00000044  0.00000000  9.80106334
     213    2  3 2017    10 21  1.000  1    6361243.789 6386784.727      50.557  -2.5   3.7   0.133333333 -0.00000044  0.00000000  9.80106334
     214    2  3 2017    10 21  2.000  1    6361243.790 6386784.727      50.557  -2.5   3.7   0.133333333 -0.00000044  0.00000000  9.80106327
     215    2  3 2017    10 21  3.000  1    6361243.794 6386784.728      50.557  -2.5   3.7   0.133333333 -0.00000044  0.00000000  9.80106323
     216    2  3 2017    10 21  4.000  1    6361243.798 6386784.730      50.557  -2.5   3.7   0.133333333 -0.00000044  0.00000000  9.80106336
     217    2  3 2017    10 21  5.000  1    6361243.804 6386784.732      50.557  -2.5   3.7   0.133333333 -0.00000044  0.00000000  9.80106337
     218    2  3 2017    10 21  6.000  1    6361243.809 6386784.734      50.557  -2.5   3.7   0.133333333 -0.00000044  0.00000000  9.80106345
     219    2  3 2017    10 21  7.000  1    6361243.815 6386784.735      50.557  -2.5   3.7   0.133333333 -0.00000044  0.00000000  9.80106336
     220    2  3 2017    10 21  8.000  1    6361243.821 6386784.738      50.557  -2.5   3.7   0.133333333 -0.00000044  0.00000000  9.80106332
     221    2  3 2017    10 21  9.000  1    6361243.829 6386784.740      50.557  -2.5   3.7   0.133333333 -0.00000044  0.00000000  9.80106341
     222    2  3 2017    10 21 10.000  1    6361243.836 6386784.743      50.557  -2.5   3.7   0.133333333 -0.00000044  0.00000000  9.80106336
     223    2  3 2017    10 21 11.000  1    6361243.844 6386784.745      50.557  -2.5   3.7   0.133333333 -0.00000044  0.00000000  9.80106338
     224    2  3 2017    10 21 12.000  1    6361243.852 6386784.748      50.557  -2.5   3.7   0.133333333 -0.00000044  0.00000000  9.80106333
     225    2  3 2017    10 21 13.000  1    6361243.859 6386784.750      50.557  -2.5   3.7   0.133333333 -0.00000044  0.00000000  9.80106324
     226    2  3 2017    10 21 14.000  1    6361243.866 6386784.753      50.557  -2.5   3.7   0.133333333 -0.00000044  0.00000000  9.80106324
     227    2  3 2017    10 21 15.000  1    6361243.871 6386784.754      50.557  -2.5   3.7   0.133333333 -0.00000044  0.00000000  9.80106328
     228    2  3 2017    10 21 16.000  1    6361243.873 6386784.755      50.557  -2.5   3.7   0.133333333 -0.00000044  0.00000000  9.80106333
     229    2  3 2017    10 21 17.000  1    6361243.873 6386784.755      50.557  -2.5   3.7   0.133333333 -0.00000044  0.00000000  9.80106335
     230    2  3 2017    10 21 18.000  1    6361243.873 6386784.755      50.557  -2.5   3.7   0.133333333 -0.00000044  0.00000000  9.80106331
     231    2  3 2017    10 21 19.000  1    6361243.872 6386784.755      50.557  -2.5   3.7   0.133333333 -0.00000044  0.00000000  9.80106333
     232    2  3 2017    10 21 20.000  1    6361243.872 6386784.755      50.557  -2.5   3.7   0.133333333 -0.00000044  0.00000000  9.80106333
     233    2  3 2017    10 21 21.000  1    6361243.872 6386784.755      50.557  -2.5   3.7   0.133333333 -0.00000044  0.00000000  9.80106334
     234    2  3 2017    10 21 22.000  1    6361243.872 6386784.755      50.557  -2.5   3.7   0.133333333 -0.00000044  0.00000000  9.80106334
     235    2  3 2017    10 21 23.000  1    6361243.872 6386784.755      50.557  -2.5   3.7   0.133333333 -0.00000044  0.00000000  9.80106332
     236    2  3 2017    10 21 24.000  1    6361243.872 6386784.755      50.557  -2.5   3.7   0.133333333 -0.00000044  0.00000000  9.80106335
     237    2  3 2017    10 21 25.000  1    6361243.872 6386784.755      50.557  -2.5   3.7   0.133333333 -0.00000044  0.00000000  9.80106334
     238    2  3 2017    10 21 26.000  1    6361243.872 6386784.755      50.557  -2.5   3.7   0.133333333 -0.00000044  0.00000000  9.80106335
     239    2  3 2017    10 21 27.000  1    6361243.872 6386784.755      50.557  -2.5   3.7   0.133333333 -0.00000044  0.00000000  9.80106335
     240    2  3 2017    10 21 28.000  1    6361243.872 6386784.755      50.557  -2.5   3.7   0.133333333 -0.00000044  0.00000000  9.80106335
     241    2  3 2017    10 21 29.000  1    6361243.872 6386784.755      50.557  -2.5   3.7   0.133333333 -0.00000044  0.00000000  9.80106335
     242    2  3 2017    10 21 30.000  1    6361243.872 6386784.755      50.557  -2.5   3.7   0.133333333 -0.00000044  0.00000000  9.80106334
     243    2  3 2017    10 21 31.000  1    6361243.872 6386784.755      50.557  -2.5   3.7   0.133333333 -0.00000044  0.00000000  9.80106336
     244    2  3 2017    10 21 32.000  1    6361243.872 6386784.755      50.557  -2.5   3.7   0.133333333 -0.00000044  0.00000000  9.80106335
     245    2  3 2017    10 21 33.000  1    6361243.872 6386784.755      50.557  -2.5   3.7   0.133333333 -0.00000044  0.00000000  9.80106335
     246    2  3 2017    10 21 34.000  1    6361243.872 6386784.755      50.557  -2.5   3.7   0.133333333 -0.00000044  0.00000000  9.80106335
     247    2  3 2017    10 21 35.000  1    6361243.872 6386784.755      50.557  -2.5   3.7   0.133333333 -0.00000044  0.00000000  9.80106335
     248    2  3 2017    10 21 36.000  1    6361243.872 6386784.755      50.557  -2.5   3.7   0.133333333 -0.00000044  0.00000000  9.80106335
     249    2  3 2017    10 21 37.000  1    6361243.872 6386784.755      50.557  -2.5   3.7   0.133333333 -0.00000044  0.00000000  9.80106333
     250    2  3 2017    10 21 38.000  1    6361243.872 6386784.755      50.557  -2.5   3.7   0.133333333 -0.00000044  0.00000000  9.80106334
     251    2  3 2017    10 21 39.000  1    6361243.872 6386784.755      50.557  -2.5   3.7   0.133333333 -0.00000044  0.00000000  9.80106338
     252    2  3 2017    10 21 40.000  1    6361243.872 6386784.755      50.557  -2.5   3.7   0.133333333 -0.00000044  0.00000000  9.80106335
     253    2  3 2017    10 21 41.000  1    6361243.872 6386784.755      50.557  -2.5   3.7   0.133333333 -0.00000044  0.00000000  9.80106334
     254    2  3 2017    10 21 42.000  1    6361243.872 6386784.755      50.557  -2.5   3.7   0.133333333 -0.00000044  0.00000000  9.80106334
     255    2  3 2017    10 21 43.000  1    6361243.872 6386784.755      50.557  -2.5   3.7   0.133333333 -0.00000044  0.00000000  9.80106333
     256    2  3 2017    10 21 44.000  1    6361243.872 6386784.755      50.557  -2.5   3.7   0.133333333 -0.00000044  0.00000000  9.80106337
     257    2  3 2017    10 21 45.000  1    6361243.872 6386784.755      50.557  -2.5   3.7   0.133333333 -0.00000044  0.00000000  9.80106332
     258    2  3 2017    10 21 46.000  1    6361243.872 6386784.755      50.557  -2.5   3.7   0.133333333 -0.00000044  0.00000000  9.80106334
     259    2  3 2017    10 21 47.000  1    6361243.872 6386784.755      50.557  -2.5   3.7   0.133333333 -0.00000044  0.00000000  9.80106333
     260    2  3 2017    10 21 48.000  1    6361243.872 6386784.755      50.557  -2.5   3.7   0.133333333 -0.00000044  0.00000000  9.80106336
     261    2  3 2017    10 21 49.000  1    6361243.872 6386784.755      50.557  -2.5   3.7   0.133333333 -0.00000044  0.00000000  9.80106333
     262    2  3 2017    10 21 50.000  1    6361243.873 6386784.755      50.557  -2.5   3.7   0.133333333 -0.00000044  0.00000000  9.80106337
     263    2  3 2017    10 21 51.000  1    6361243.878 6386784.756      50.557  -2.5   3.7   0.133333333 -0.00000044  0.00000000  9.80106337
     264    2  3 2017    10 21 52.000  1    6361243.885 6386784.759      50.557  -2.5   3.7   0.133333333 -0.00000044  0.00000000  9.80106334
     265    2  3 2017    10 21 53.000  1    6361243.894 6386784.762      50.557  -2.5   3.7   0.133333333 -0.00000044  0.00000000  9.80106337
     266    2  3 2017    10 21 54.000  1    6361243.903 6386784.765      50.557  -2.5   3.7   0.133333333 -0.00000044  0.00000000  9.80106343
     267    2  3 2017    10 21 55.000  1    6361243.912 6386784.768      50.557  -2.5   3.7   0.133333333 -0.00000044  0.00000000  9.80106345
     268    2  3 2017    10 21 56.000  1    6361243.922 6386784.771      50.557  -2.5   3.7   0.133333333 -0.00000044  0.00000000  9.80106345
     269    2  3 2017    10 21 57.000  1    6361243.931 6386784.774      50.557  -2.5   3.7   0.133333333 -0.00000044  0.00000000  9.80106353
     270    2  3 2017    10 21 58.000  1    6361243.941 6386784.777      50.557  -2.5   3.7   0.133333333 -0.00000044  0.00000000  9.80106337
     271    2  3 2017    10 21 59.000  1    6361243.949 6386784.780      50.557  -2.5   3.7   0.133333333 -0.00000044  0.00000000  9.80106341
     272    2  3 2017    10 22  0.000  1    6361243.956 6386784.783      50.557  -2.5   3.7   0.133333333 -0.00000044  0.00000000  9.80106345
     273    2  3 2017    10 22  1.000  1    6361243.961 6386784.784      50.557  -2.5   3.7   0.133333333 -0.00000044  0.00000000  9.80106348
     274    2  3 2017    10 22  2.000  1    6361243.961 6386784.784      50.557  -2.5   3.7   0.133333333 -0.00000044  0.00000000  9.80106347
     275    2  3 2017    10 22  3.000  1    6361243.961 6386784.784      50.557  -2.5   3.7   0.133333333 -0.00000044  0.00000000  9.80106346
     276    2  3 2017    10 22  4.000  1    6361243.961 6386784.784      50.557  -2.5   3.7   0.133333333 -0.00000044  0.00000000  9.80106341
     277    2  3 2017    10 22  5.000  1    6361243.961 6386784.784      50.557  -2.5   3.7   0.133333333 -0.00000044  0.00000000  9.80106346
     278    2  3 2017    10 22  6.000  1    6361243.961 6386784.784      50.557  -2.5   3.7   0.133333333 -0.00000044  0.00000000  9.80106344
     279    2  3 2017    10 22  7.000  1    6361243.961 6386784.784      50.557  -2.5   3.7   0.133333333 -0.00000044  0.00000000  9.80106339
     280    2  3 2017    10 22  8.000  1    6361243.961 6386784.784      50.557  -2.5   3.7   0.133333333 -0.00000044  0.00000000  9.80106340
     281    2  3 2017    10 22  9.000  1    6361243.961 6386784.784      50.557  -2.5   3.7   0.133333333 -0.00000044  0.00000000  9.80106338
     282    2  3 2017    10 22 10.000  1    6361243.961 6386784.784      50.557  -2.5   3.7   0.133333333 -0.00000044  0.00000000  9.80106338
     283    2  3 2017    10 22 11.000  1    6361243.961 6386784.784      50.557  -2.5   3.7   0.133333333 -0.00000044  0.00000000  9.80106340
     284    2  3 2017    10 22 12.000  1    6361243.963 6386784.785      50.557  -2.5   3.7   0.133333333 -0.00000044  0.00000000  9.80106341
     285    2  3 2017    10 22 13.000  1    6361243.966 6386784.786      50.557  -2.5   3.7   0.133333333 -0.00000044  0.00000000  9.80106339
     286    2  3 2017    10 22 14.000  1    6361243.966 6386784.786      50.557  -2.5   3.7   0.133333333 -0.00000044  0.00000000  9.80106341
     287    2  3 2017    10 22 15.000  1    6361243.966 6386784.786      50.557  -2.5   3.7   0.133333333 -0.00000044  0.00000000  9.80106341
     288    2  3 2017    10 22 16.000  1    6361243.966 6386784.786      50.557  -2.5   3.7   0.133333333 -0.00000044  0.00000000  9.80106340
     289    2  3 2017    10 22 17.000  1    6361243.966 6386784.786      50.557  -2.5   3.7   0.133333333 -0.00000044  0.00000000  9.80106343
     290    2  3 2017    10 22 18.000  1    6361243.966 6386784.786      50.557  -2.5   3.7   0.133333333 -0.00000044  0.00000000  9.80106342
     291    2  3 2017    10 22 19.000  1    6361243.966 6386784.786      50.557  -2.5   3.7   0.133333333 -0.00000044  0.00000000  9.80106341
     292    2  3 2017    10 22 20.000  1    6361243.966 6386784.786      50.557  -2.5   3.7   0.133333333 -0.00000044  0.00000000  9.80106340
     293    2  3 2017    10 22 21.000  1    6361243.966 6386784.786      50.557  -2.5   3.7   0.133333333 -0.00000044  0.00000000  9.80106343
     294    2  3 2017    10 22 22.000  1    6361243.966 6386784.786      50.557  -2.5   3.7   0.133333333 -0.00000044  0.00000000  9.80106342
     295    2  3 2017    10 22 23.000  1    6361243.966 6386784.786      50.557  -2.5   3.7   0.133333333 -0.00000044  0.00000000  9.80106343
     296    2  3 2017    10 22 24.000  1    6361243.966 6386784.786      50.557  -2.5   3.7   0.133333333 -0.00000044  0.00000000  9.80106344
     297    2  3 2017    10 22 25.000  1    6361243.966 6386784.786      50.557  -2.5   3.7   0.133333333 -0.00000044  0.00000000  9.80106340
     298    2  3 2017    10 22 26.000  1    6361243.968 6386784.787      50.557  -2.5   3.7   0.133333333 -0.00000044  0.00000000  9.80106338
     299    2  3 2017    10 22 27.000  1    6361243.973 6386784.788      50.557  -2.5   3.7   0.133333333 -0.00000044  0.00000000  9.80106337
     300    2  3 2017    10 22 28.000  1    6361243.981 6386784.791      50.557  -2.5   3.7   0.133333333 -0.00000044  0.00000000  9.80106340
     301    2  3 2017    10 22 29.000  1    6361243.988 6386784.793      50.557  -2.5   3.7   0.133333333 -0.00000044  0.00000000  9.80106347
     302    2  3 2017    10 22 30.000  1    6361243.996 6386784.796      50.558  -2.5   3.7   0.133333333 -0.00000044  0.00000000  9.80106355
     303    2  3 2017    10 22 31.000  1    6361244.003 6386784.798      50.558  -2.5   3.7   0.133333333 -0.00000044  0.00000000  9.80106360
     304    2  3 2017    10 22 32.000  1    6361244.010 6386784.801      50.558  -2.5   3.7   0.133333333 -0.00000044  0.00000000  9.80106365
     305    2  3 2017    10 22 33.000  2    6361244.017 6386784.803      50.558  -2.5   3.7   0.133333333 -0.00000045  0.00000000  9.80106241
     306    2  3 2017    10 22 34.000  2    6361244.022 6386784.805      50.558  -2.5   3.7   0.133333333 -0.00000045  0.00000000  9.80106241
     307    2  3 2017    10 22 35.000  2    6361244.025 6386784.806      50.558  -2.5   3.7   0.133333333 -0.00000045  0.00000000  9.80106256
     308    2  3 2017    10 22 36.000  2    6361244.027 6386784.806      50.558  -2.5   3.7   0.133333333 -0.00000044  0.00000000  9.80106266
     309    2  3 2017    10 22 37.000  2    6361244.027 6386784.806      50.558  -2.5   3.7   0.133333333 -0.00000045  0.00000000  9.80106223
     310    2  3 2017    10 22 38.000  2    6361244.027 6386784.806      50.558  -2.5   3.7   0.133333333 -0.00000045  0.00000000  9.80106233
     311    2  3 2017    10 22 39.000  2    6361244.026 6386784.806      50.558  -2.5   3.7   0.133333333 -0.00000045  0.00000000  9.80106250
     312    2  3 2017    10 22 40.000  2    6361244.026 6386784.806      50.558  -2.5   3.7   0.133333333 -0.00000045  0.00000000  9.80106243
     313    2  3 2017    10 22 41.000  2    6361244.026 6386784.806      50.558  -2.5   3.7   0.133333333 -0.00000045  0.00000000  9.80106247
     314    2  3 2017    10 22 42.000  2    6361244.027 6386784.806      50.558  -2.5   3.7   0.133333333 -0.00000045  0.00000000  9.80106241
     315    2  3 2017    10 22 43.000  2    6361244.027 6386784.806      50.558  -2.5   3.7   0.133333333 -0.00000045  0.00000000  9.80106240
     316    2  3 2017    10 22 44.000  2    6361244.026 6386784.806      50.558  -2.5   3.7   0.133333333 -0.00000045  0.00000000  9.80106251
     317    2  3 2017    10 22 45.000  2    6361244.026 6386784.806      50.558  -2.5   3.7   0.133333333 -0.00000045  0.00000000  9.80106238
     318    2  3 2017    10 22 46.000  2    6361244.026 6386784.806      50.558  -2.5   3.7   0.133333333 -0.00000045  0.00000000  9.80106248
     319    2  3 2017    10 22 47.000  1    6361244.027 6386784.806      50.558  -2.5   3.7   0.133333333 -0.00000044  0.00000000  9.80106349
     320    2  3 2017    10 22 48.000  1    6361244.027 6386784.806      50.558  -2.5   3.7   0.133333333 -0.00000044  0.00000000  9.80106350
     321    2  3 2017    10 22 49.000  1    6361244.027 6386784.806      50.558  -2.5   3.7   0.133333333 -0.00000044  0.00000000  9.80106351
     322    2  3 2017    10 22 50.000  1    6361244.027 6386784.806      50.558  -2.5   3.7   0.133333333 -0.00000044  0.00000000  9.80106351
     323    2  3 2017    10 22 51.000  1    6361244.027 6386784.806      50.558  -2.5   3.7   0.133333333 -0.00000044  0.00000000  9.80106352
     324    2  3 2017    10 22 52.000  1    6361244.027 6386784.806      50.558  -2.5   3.7   0.133333333 -0.00000044  0.00000000  9.80106352
     325    2  3 2017    10 22 53.000  1    6361244.027 6386784.806      50.558  -2.5   3.7   0.133333333 -0.00000044  0.00000000  9.80106354
     326    2  3 2017    10 22 54.000  1    6361244.027 6386784.806      50.558  -2.5   3.7   0.133333333 -0.00000044  0.00000000  9.80106352
     327    2  3 2017    10 22 55.000  1    6361244.027 6386784.806      50.558  -2.5   3.7   0.133333333 -0.00000044  0.00000000  9.80106348
     328    2  3 2017    10 22 56.000  1    6361244.027 6386784.806      50.558  -2.5   3.7   0.133333333 -0.00000044  0.00000000  9.80106350
     329    2  3 2017    10 22 57.000  1    6361244.027 6386784.806      50.558  -2.5   3.7   0.133333333 -0.00000044  0.00000000  9.80106348
     330    2  3 2017    10 22 58.000  1    6361244.027 6386784.806      50.558  -2.5   3.7   0.133333333 -0.00000044  0.00000000  9.80106349
     331    2  3 2017    10 22 59.000  1    6361244.027 6386784.806      50.558  -2.5   3.7   0.133333333 -0.00000044  0.00000000  9.80106349
     332    2  3 2017    10 22 60.000  1    6361244.027 6386784.806      50.558  -2.5   3.7   0.133333333 -0.00000044  0.00000000  9.80106347
     333    2  3 2017    10 23  1.000  1    6361244.027 6386784.806      50.558  -2.5   3.7   0.133333333 -0.00000044  0.00000000  9.80106349
     334    2  3 2017    10 23  2.000  1    6361244.027 6386784.806      50.558  -2.5   3.7   0.133333333 -0.00000044  0.00000000  9.80106349
     335    2  3 2017    10 23  3.000  1    6361244.027 6386784.806      50.558  -2.5   3.7   0.133333333 -0.00000044  0.00000000  9.80106347
     336    2  3 2017    10 23  4.000  1    6361244.027 6386784.806      50.558  -2.5   3.7   0.133333333 -0.00000044  0.00000000  9.80106350
     337    2  3 2017    10 23  5.000  1    6361244.029 6386784.807      50.558  -2.5   3.7   0.133333333 -0.00000044  0.00000000  9.80106348
     338    2  3 2017    10 23  6.000  1    6361244.030 6386784.808      50.558  -2.5   3.7   0.133333333 -0.00000044  0.00000000  9.80106344
     339    2  3 2017    10 23  7.000  1    6361244.034 6386784.809      50.558  -2.5   3.7   0.133333333 -0.00000044  0.00000000  9.80106343
     340    2  3 2017    10 23  8.000  1    6361244.036 6386784.809      50.558  -2.5   3.7   0.133333333 -0.00000044  0.00000000  9.80106352
     341    2  3 2017    10 23  9.000  1    6361244.039 6386784.811      50.558  -2.5   3.7   0.133333333 -0.00000044  0.00000000  9.80106353
     342    2  3 2017    10 23 10.000  1    6361244.044 6386784.812      50.558  -2.5   3.7   0.133333333 -0.00000044  0.00000000  9.80106361
     343    2  3 2017    10 23 11.000  1    6361244.047 6386784.813      50.558  -2.5   3.7   0.133333333 -0.00000044  0.00000000  9.80106369
     344    2  3 2017    10 23 12.000  1    6361244.049 6386784.814      50.558  -2.5   3.7   0.133333333 -0.00000044  0.00000000  9.80106357
     345    2  3 2017    10 23 13.000  1    6361244.049 6386784.814      50.558  -2.5   3.7   0.133333333 -0.00000044  0.00000000  9.80106365
     346    2  3 2017    10 23 14.000  1    6361244.052 6386784.815      50.558  -2.5   3.7   0.133333333 -0.00000044  0.00000000  9.80106389
     347    2  3 2017    10 23 15.000  1    6361244.054 6386784.816      50.558  -2.5   3.7   0.133333333 -0.00000044  0.00000000  9.80106392
     348    2  3 2017    10 23 16.000  1    6361244.057 6386784.816      50.558  -2.5   3.7   0.133333333 -0.00000044  0.00000000  9.80106402
     349    2  3 2017    10 23 17.000  1    6361244.059 6386784.817      50.558  -2.5   3.7   0.133333333 -0.00000044  0.00000000  9.80106417
     350    2  3 2017    10 23 18.000  1    6361244.061 6386784.818      50.558  -2.5   3.7   0.133333333 -0.00000044  0.00000000  9.80106404
     351    2  3 2017    10 23 19.000  1    6361244.066 6386784.820      50.558  -2.5   3.7   0.133333333 -0.00000044  0.00000000  9.80106402
     352    2  3 2017    10 23 20.000  1    6361244.068 6386784.820      50.558  -2.5   3.7   0.133333333 -0.00000044  0.00000000  9.80106396
     353    2  3 2017    10 23 21.000  1    6361244.067 6386784.820      50.558  -2.5   3.7   0.133333333 -0.00000044  0.00000000  9.80106396
     354    2  3 2017    10 23 22.000  1    6361244.066 6386784.819      50.558  -2.5   3.7   0.133333333 -0.00000044  0.00000000  9.80106408
     355    2  3 2017    10 23 23.000  1    6361244.066 6386784.819      50.558  -2.5   3.7   0.133333333 -0.00000044  0.00000000  9.80106407
     356    2  3 2017    10 23 24.000  1    6361244.064 6386784.819      50.558  -2.5   3.7   0.133333333 -0.00000044  0.00000000  9.80106408
     357    2  3 2017    10 23 25.000  1    6361244.061 6386784.818      50.558  -2.5   3.7   0.133333333 -0.00000044  0.00000000  9.80106398
     358    2  3 2017    10 23 26.000  1    6361244.057 6386784.817      50.558  -2.5   3.7   0.133333333 -0.00000044  0.00000000  9.80106403
     359    2  3 2017    10 23 27.000  1    6361244.054 6386784.815      50.558  -2.5   3.7   0.133333333 -0.00000044  0.00000000  9.80106388
     360    2  3 2017    10 23 28.000  1    6361244.050 6386784.814      50.558  -2.5   3.7   0.133333333 -0.00000044  0.00000000  9.80106386
     361    2  3 2017    10 23 29.000  1    6361244.048 6386784.813      50.558  -2.5   3.7   0.133333333 -0.00000044  0.00000000  9.80106388
     362    2  3 2017    10 23 30.000  1    6361244.044 6386784.812      50.558  -2.5   3.7   0.133333333 -0.00000044  0.00000000  9.80106386
     363    2  3 2017    10 23 31.000  1    6361244.040 6386784.811      50.558  -2.5   3.7   0.133333333 -0.00000044  0.00000000  9.80106396
     364    2  3 2017    10 23 32.000  1    6361244.040 6386784.811      50.558  -2.5   3.7   0.133333333 -0.00000044  0.00000000  9.80106405
     365    2  3 2017    10 23 33.000  1    6361244.040 6386784.811      50.558  -2.5   3.7   0.133333333 -0.00000044  0.00000000  9.80106399
     366    2  3 2017    10 23 34.000  1    6361244.040 6386784.811      50.558  -2.5   3.7   0.133333333 -0.00000044  0.00000000  9.80106392
     367    2  3 2017    10 23 35.000  1    6361244.040 6386784.811      50.558  -2.5   3.7   0.133333333 -0.00000044  0.00000000  9.80106392
     368    2  3 2017    10 23 36.000  1    6361244.040 6386784.811      50.558  -2.5   3.7   0.133333333 -0.00000044  0.00000000  9.80106390
     369    2  3 2017    10 23 37.000  1    6361244.040 6386784.811      50.558  -2.5   3.7   0.133333333 -0.00000044  0.00000000  9.80106386
     370    2  3 2017    10 23 38.000  1    6361244.040 6386784.811      50.558  -2.5   3.7   0.133333333 -0.00000044  0.00000000  9.80106390
     371    2  3 2017    10 23 39.000  1    6361244.041 6386784.811      50.558  -2.5   3.7   0.133333333 -0.00000044  0.00000000  9.80106394
     372    2  3 2017    10 23 40.000  1    6361244.041 6386784.811      50.558  -2.5   3.7   0.133333333 -0.00000044  0.00000000  9.80106391
     373    2  3 2017    10 23 41.000  1    6361244.042 6386784.812      50.558  -2.5   3.7   0.133333333 -0.00000044  0.00000000  9.80106383
     374    2  3 2017    10 23 42.000  1    6361244.045 6386784.812      50.558  -2.5   3.7   0.133333333 -0.00000044  0.00000000  9.80106357
     375    2  3 2017    10 23 43.000  1    6361244.047 6386784.813      50.558  -2.5   3.7   0.133333333 -0.00000044  0.00000000  9.80106377
     376    2  3 2017    10 23 44.000  1    6361244.047 6386784.813      50.558  -2.5   3.7   0.133333333 -0.00000044  0.00000000  9.80106379
     377    2  3 2017    10 23 45.000  1    6361244.048 6386784.813      50.558  -2.5   3.7   0.133333333 -0.00000044  0.00000000  9.80106389
     378    2  3 2017    10 23 46.000  1    6361244.048 6386784.813      50.558  -2.5   3.7   0.133333333 -0.00000044  0.00000000  9.80106391
     379    2  3 2017    10 23 47.000  1    6361244.048 6386784.813      50.558  -2.5   3.7   0.133333333 -0.00000044  0.00000000  9.80106401
     380    2  3 2017    10 23 48.000  1    6361244.048 6386784.813      50.558  -2.5   3.7   0.133333333 -0.00000044  0.00000000  9.80106395
     381    2  3 2017    10 23 49.000  1    6361244.048 6386784.813      50.558  -2.5   3.7   0.133333333 -0.00000044  0.00000000  9.80106392
     382    2  3 2017    10 23 50.000  1    6361244.048 6386784.813      50.558  -2.5   3.7   0.133333333 -0.00000044  0.00000000  9.80106392
     383    2  3 2017    10 23 51.000  1    6361244.048 6386784.813      50.558  -2.5   3.7   0.133333333 -0.00000044  0.00000000  9.80106389
     384    2  3 2017    10 23 52.000  1    6361244.048 6386784.813      50.558  -2.5   3.7   0.133333333 -0.00000044  0.00000000  9.80106394
     385    2  3 2017    10 23 53.000  1    6361244.048 6386784.813      50.558  -2.5   3.7   0.133333333 -0.00000044  0.00000000  9.80106392
     386    2  3 2017    10 23 54.000  1    6361244.048 6386784.813      50.558  -2.5   3.7   0.133333333 -0.00000044  0.00000000  9.80106393
     387    2  3 2017    10 23 55.000  1    6361244.048 6386784.813      50.558  -2.5   3.7   0.133333333 -0.00000044  0.00000000  9.80106392
     388    2  3 2017    10 23 56.000  1    6361244.048 6386784.813      50.558  -2.5   3.7   0.133333333 -0.00000044  0.00000000  9.80106395
     389    2  3 2017    10 23 57.000  1    6361244.048 6386784.813      50.558  -2.5   3.7   0.133333333 -0.00000044  0.00000000  9.80106391
     390    2  3 2017    10 23 58.000  1    6361244.048 6386784.813      50.558  -2.5   3.7   0.133333333 -0.00000044  0.00000000  9.80106393
     391    2  3 2017    10 23 59.000  1    6361244.048 6386784.813      50.558  -2.5   3.7   0.133333333 -0.00000044  0.00000000  9.80106395
     392    2  3 2017    10 24  0.000  1    6361244.048 6386784.813      50.558  -2.5   3.7   0.133333333 -0.00000044  0.00000000  9.80106392
     393    2  3 2017    10 24  1.000  1    6361244.048 6386784.813      50.558  -2.5   3.7   0.133333333 -0.00000044  0.00000000  9.80106393
     394    2  3 2017    10 24  2.000  1    6361244.048 6386784.813      50.558  -2.5   3.7   0.133333333 -0.00000044  0.00000000  9.80106395
     395    2  3 2017    10 24  3.000  1    6361244.048 6386784.813      50.558  -2.5   3.7   0.133333333 -0.00000044  0.00000000  9.80106394
     396    2  3 2017    10 24  4.000  1    6361244.048 6386784.813      50.558  -2.5   3.7   0.133333333 -0.00000044  0.00000000  9.80106392
     397    2  3 2017    10 24  5.000  1    6361244.048 6386784.813      50.558  -2.5   3.7   0.133333333 -0.00000044  0.00000000  9.80106391
     398    2  3 2017    10 24  6.000  1    6361244.048 6386784.813      50.558  -2.5   3.7   0.133333333 -0.00000044  0.00000000  9.80106393
     399    2  3 2017    10 24  7.000  1    6361244.048 6386784.813      50.558  -2.5   3.7   0.133333333 -0.00000044  0.00000000  9.80106390
     400    2  3 2017    10 24  8.000  1    6361244.048 6386784.813      50.558  -2.5   3.7   0.133333333 -0.00000044  0.00000000  9.80106394
     401    2  3 2017    10 24  9.000  1    6361244.048 6386784.813      50.558  -2.5   3.7   0.133333333 -0.00000044  0.00000000  9.80106393
     402    2  3 2017    10 24 10.000  1    6361244.048 6386784.813      50.558  -2.5   3.7   0.133333333 -0.00000044  0.00000000  9.80106391
     403    2  3 2017    10 24 11.000  1    6361244.048 6386784.813      50.558  -2.5   3.7   0.133333333 -0.00000044  0.00000000  9.80106392
     404    2  3 2017    10 24 12.000  1    6361244.048 6386784.813      50.558  -2.5   3.7   0.133333333 -0.00000044  0.00000000  9.80106395
     405    2  3 2017    10 24 13.000  1    6361244.048 6386784.813      50.558  -2.5   3.7   0.133333333 -0.00000044  0.00000000  9.80106389
     406    2  3 2017    10 24 14.000  1    6361244.048 6386784.813      50.558  -2.5   3.7   0.133333333 -0.00000044  0.00000000  9.80106394
     407    2  3 2017    10 24 15.000  1    6361244.048 6386784.813      50.558  -2.5   3.7   0.133333333 -0.00000044  0.00000000  9.80106391
     408    2  3 2017    10 24 16.000  1    6361244.048 6386784.813      50.558  -2.5   3.7   0.133333333 -0.00000044  0.00000000  9.80106391
     409    2  3 2017    10 24 17.000  1    6361244.048 6386784.813      50.558  -2.5   3.7   0.133333333 -0.00000044  0.00000000  9.80106389
     410    2  3 2017    10 24 18.000  1    6361244.048 6386784.813      50.558  -2.5   3.7   0.133333333 -0.00000044  0.00000000  9.80106392
     411    2  3 2017    10 24 19.000  1    6361244.048 6386784.813      50.558  -2.5   3.7   0.133333333 -0.00000044  0.00000000  9.80106393
     412    2  3 2017    10 24 20.000  1    6361244.048 6386784.813      50.558  -2.5   3.7   0.133333333 -0.00000044  0.00000000  9.80106393
